317 7327
1 1
2 2
3 3
4 4
1 5
2 5
3 5
4 5
5 5
6 5
7 5
8 5
9 5
10 5
11 5
12 5
13 5
14 5
15 5
16 5
17 5
18 5
19 5
20 5
21 5
22 5
23 5
24 5
25 5
26 5
27 5
28 5
29 5
30 5
31 5
32 5
33 5
34 5
35 5
36 5
82 5
83 5
84 5
85 5
86 5
87 5
88 5
89 5
90 5
91 5
92 5
93 5
94 5
95 5
96 5
97 5
98 5
99 5
100 5
101 5
102 5
103 5
104 5
105 5
106 5
107 5
1 6
2 6
3 6
4 6
5 6
6 6
7 6
8 6
9 6
10 6
11 6
12 6
13 6
14 6
15 6
16 6
17 6
18 6
19 6
20 6
21 6
22 6
23 6
24 6
25 6
26 6
27 6
28 6
29 6
30 6
31 6
32 6
33 6
34 6
35 6
36 6
82 6
83 6
84 6
85 6
86 6
87 6
88 6
89 6
90 6
91 6
92 6
93 6
94 6
95 6
96 6
97 6
98 6
99 6
100 6
101 6
102 6
103 6
104 6
105 6
106 6
107 6
7 7
8 8
9 9
10 10
1 11
2 11
3 11
4 11
5 11
6 11
7 11
8 11
9 11
10 11
11 11
12 11
13 11
14 11
15 11
16 11
17 11
18 11
19 11
20 11
21 11
82 11
83 11
84 11
85 11
86 11
87 11
88 11
89 11
90 11
91 11
92 11
93 11
94 11
95 11
96 11
1 12
2 12
3 12
4 12
5 12
6 12
7 12
8 12
9 12
10 12
11 12
12 12
13 12
14 12
15 12
16 12
17 12
18 12
19 12
20 12
21 12
82 12
83 12
84 12
85 12
86 12
87 12
88 12
89 12
90 12
91 12
92 12
93 12
94 12
95 12
96 12
1 13
2 13
3 13
4 13
5 13
6 13
7 13
8 13
9 13
10 13
11 13
12 13
13 13
14 13
15 13
16 13
17 13
18 13
19 13
20 13
21 13
22 13
23 13
24 13
25 13
26 13
27 13
28 13
29 13
30 13
31 13
32 13
33 13
34 13
35 13
36 13
1 14
2 14
3 14
4 14
5 14
6 14
7 14
8 14
9 14
10 14
11 14
12 14
13 14
14 14
15 14
16 14
17 14
18 14
19 14
20 14
21 14
22 14
23 14
24 14
25 14
26 14
27 14
28 14
29 14
30 14
31 14
32 14
33 14
34 14
35 14
36 14
15 15
16 16
1 17
2 17
3 17
4 17
5 17
6 17
7 17
8 17
9 17
10 17
11 17
12 17
13 17
14 17
15 17
16 17
17 17
18 17
19 17
20 17
21 17
1 18
2 18
3 18
4 18
5 18
6 18
7 18
8 18
9 18
10 18
11 18
12 18
13 18
14 18
15 18
16 18
17 18
18 18
19 18
20 18
21 18
19 19
1 20
2 20
3 20
4 20
5 20
6 20
7 20
8 20
9 20
10 20
11 20
12 20
13 20
14 20
15 20
16 20
17 20
18 20
1 21
2 21
3 21
4 21
5 21
6 21
7 21
8 21
9 21
10 21
11 21
12 21
13 21
14 21
15 21
16 21
17 21
18 21
5 22
6 22
7 22
8 22
13 22
14 22
22 22
23 22
24 22
25 22
26 22
27 22
28 22
29 22
30 22
31 22
32 22
33 22
34 22
35 22
36 22
37 22
38 22
39 22
40 22
41 22
42 22
43 22
44 22
45 22
46 22
47 22
48 22
49 22
50 22
51 22
84 22
85 22
90 22
91 22
97 22
98 22
99 22
100 22
101 22
102 22
103 22
104 22
105 22
106 22
107 22
108 22
109 22
110 22
111 22
112 22
113 22
114 22
115 22
116 22
117 22
118 22
5 23
6 23
7 23
8 23
13 23
14 23
22 23
23 23
24 23
25 23
26 23
27 23
28 23
29 23
30 23
31 23
32 23
33 23
34 23
35 23
36 23
37 23
38 23
39 23
40 23
41 23
42 23
43 23
44 23
45 23
46 23
47 23
48 23
49 23
50 23
51 23
84 23
85 23
90 23
91 23
97 23
98 23
99 23
100 23
101 23
102 23
103 23
104 23
105 23
106 23
107 23
108 23
109 23
110 23
111 23
112 23
113 23
114 23
115 23
116 23
117 23
118 23
24 24
25 25
5 26
6 26
7 26
8 26
13 26
14 26
22 26
23 26
24 26
25 26
26 26
27 26
28 26
29 26
30 26
31 26
32 26
33 26
34 26
35 26
36 26
84 26
85 26
90 26
91 26
97 26
98 26
99 26
100 26
101 26
102 26
103 26
104 26
105 26
106 26
107 26
5 27
6 27
7 27
8 27
13 27
14 27
22 27
23 27
24 27
25 27
26 27
27 27
28 27
29 27
30 27
31 27
32 27
33 27
34 27
35 27
36 27
84 27
85 27
90 27
91 27
97 27
98 27
99 27
100 27
101 27
102 27
103 27
104 27
105 27
106 27
107 27
5 28
6 28
7 28
8 28
13 28
14 28
22 28
23 28
24 28
25 28
26 28
27 28
28 28
29 28
30 28
31 28
32 28
33 28
34 28
35 28
36 28
37 28
38 28
39 28
40 28
41 28
42 28
43 28
44 28
45 28
46 28
47 28
48 28
49 28
50 28
51 28
5 29
6 29
7 29
8 29
13 29
14 29
22 29
23 29
24 29
25 29
26 29
27 29
28 29
29 29
30 29
31 29
32 29
33 29
34 29
35 29
36 29
37 29
38 29
39 29
40 29
41 29
42 29
43 29
44 29
45 29
46 29
47 29
48 29
49 29
50 29
51 29
30 30
31 31
5 32
6 32
7 32
8 32
13 32
14 32
22 32
23 32
24 32
25 32
26 32
27 32
28 32
29 32
30 32
31 32
32 32
33 32
34 32
35 32
36 32
5 33
6 33
7 33
8 33
13 33
14 33
22 33
23 33
24 33
25 33
26 33
27 33
28 33
29 33
30 33
31 33
32 33
33 33
34 33
35 33
36 33
5 34
6 34
7 34
8 34
13 34
14 34
22 34
23 34
24 34
25 34
26 34
27 34
28 34
29 34
30 34
31 34
32 34
33 34
5 35
6 35
7 35
8 35
13 35
14 35
22 35
23 35
24 35
25 35
26 35
27 35
28 35
29 35
30 35
31 35
32 35
33 35
5 36
6 36
7 36
8 36
13 36
14 36
22 36
23 36
24 36
25 36
26 36
27 36
28 36
29 36
30 36
31 36
32 36
33 36
22 37
23 37
24 37
25 37
28 37
29 37
37 37
38 37
39 37
40 37
41 37
42 37
43 37
44 37
45 37
46 37
47 37
48 37
49 37
50 37
51 37
52 37
53 37
54 37
55 37
56 37
57 37
58 37
59 37
60 37
61 37
62 37
63 37
64 37
65 37
66 37
97 37
98 37
101 37
102 37
108 37
109 37
110 37
111 37
112 37
113 37
114 37
115 37
116 37
117 37
118 37
119 37
120 37
121 37
122 37
123 37
124 37
125 37
126 37
127 37
128 37
129 37
22 38
23 38
24 38
25 38
28 38
29 38
37 38
38 38
39 38
40 38
41 38
42 38
43 38
44 38
45 38
46 38
47 38
48 38
49 38
50 38
51 38
52 38
53 38
54 38
55 38
56 38
57 38
58 38
59 38
60 38
61 38
62 38
63 38
64 38
65 38
66 38
97 38
98 38
101 38
102 38
108 38
109 38
110 38
111 38
112 38
113 38
114 38
115 38
116 38
117 38
118 38
119 38
120 38
121 38
122 38
123 38
124 38
125 38
126 38
127 38
128 38
129 38
39 39
40 40
22 41
23 41
24 41
25 41
28 41
29 41
37 41
38 41
39 41
40 41
41 41
42 41
43 41
44 41
45 41
46 41
47 41
48 41
49 41
50 41
51 41
97 41
98 41
101 41
102 41
108 41
109 41
110 41
111 41
112 41
113 41
114 41
115 41
116 41
117 41
118 41
22 42
23 42
24 42
25 42
28 42
29 42
37 42
38 42
39 42
40 42
41 42
42 42
43 42
44 42
45 42
46 42
47 42
48 42
49 42
50 42
51 42
97 42
98 42
101 42
102 42
108 42
109 42
110 42
111 42
112 42
113 42
114 42
115 42
116 42
117 42
118 42
22 43
23 43
24 43
25 43
28 43
29 43
37 43
38 43
39 43
40 43
41 43
42 43
43 43
44 43
45 43
46 43
47 43
48 43
49 43
50 43
51 43
52 43
53 43
54 43
55 43
56 43
57 43
58 43
59 43
60 43
61 43
62 43
63 43
64 43
65 43
66 43
22 44
23 44
24 44
25 44
28 44
29 44
37 44
38 44
39 44
40 44
41 44
42 44
43 44
44 44
45 44
46 44
47 44
48 44
49 44
50 44
51 44
52 44
53 44
54 44
55 44
56 44
57 44
58 44
59 44
60 44
61 44
62 44
63 44
64 44
65 44
66 44
45 45
46 46
22 47
23 47
24 47
25 47
28 47
29 47
37 47
38 47
39 47
40 47
41 47
42 47
43 47
44 47
45 47
46 47
47 47
48 47
49 47
50 47
51 47
22 48
23 48
24 48
25 48
28 48
29 48
37 48
38 48
39 48
40 48
41 48
42 48
43 48
44 48
45 48
46 48
47 48
48 48
49 48
50 48
51 48
22 49
23 49
24 49
25 49
28 49
29 49
37 49
38 49
39 49
40 49
41 49
42 49
43 49
44 49
45 49
46 49
47 49
48 49
22 50
23 50
24 50
25 50
28 50
29 50
37 50
38 50
39 50
40 50
41 50
42 50
43 50
44 50
45 50
46 50
47 50
48 50
22 51
23 51
24 51
25 51
28 51
29 51
37 51
38 51
39 51
40 51
41 51
42 51
43 51
44 51
45 51
46 51
47 51
48 51
37 52
38 52
39 52
40 52
43 52
44 52
52 52
53 52
54 52
55 52
56 52
57 52
58 52
59 52
60 52
61 52
62 52
63 52
64 52
65 52
66 52
67 52
68 52
69 52
70 52
71 52
72 52
73 52
74 52
75 52
76 52
77 52
78 52
79 52
80 52
81 52
108 52
109 52
112 52
113 52
119 52
120 52
121 52
122 52
123 52
124 52
125 52
126 52
127 52
128 52
129 52
130 52
131 52
132 52
133 52
134 52
135 52
136 52
137 52
138 52
139 52
140 52
37 53
38 53
39 53
40 53
43 53
44 53
52 53
53 53
54 53
55 53
56 53
57 53
58 53
59 53
60 53
61 53
62 53
63 53
64 53
65 53
66 53
67 53
68 53
69 53
70 53
71 53
72 53
73 53
74 53
75 53
76 53
77 53
78 53
79 53
80 53
81 53
108 53
109 53
112 53
113 53
119 53
120 53
121 53
122 53
123 53
124 53
125 53
126 53
127 53
128 53
129 53
130 53
131 53
132 53
133 53
134 53
135 53
136 53
137 53
138 53
139 53
140 53
54 54
55 55
37 56
38 56
39 56
40 56
43 56
44 56
52 56
53 56
54 56
55 56
56 56
57 56
58 56
59 56
60 56
61 56
62 56
63 56
64 56
65 56
66 56
108 56
109 56
112 56
113 56
119 56
120 56
121 56
122 56
123 56
124 56
125 56
126 56
127 56
128 56
129 56
37 57
38 57
39 57
40 57
43 57
44 57
52 57
53 57
54 57
55 57
56 57
57 57
58 57
59 57
60 57
61 57
62 57
63 57
64 57
65 57
66 57
108 57
109 57
112 57
113 57
119 57
120 57
121 57
122 57
123 57
124 57
125 57
126 57
127 57
128 57
129 57
37 58
38 58
39 58
40 58
43 58
44 58
52 58
53 58
54 58
55 58
56 58
57 58
58 58
59 58
60 58
61 58
62 58
63 58
64 58
65 58
66 58
67 58
68 58
69 58
70 58
71 58
72 58
73 58
74 58
75 58
76 58
77 58
78 58
79 58
80 58
81 58
37 59
38 59
39 59
40 59
43 59
44 59
52 59
53 59
54 59
55 59
56 59
57 59
58 59
59 59
60 59
61 59
62 59
63 59
64 59
65 59
66 59
67 59
68 59
69 59
70 59
71 59
72 59
73 59
74 59
75 59
76 59
77 59
78 59
79 59
80 59
81 59
60 60
61 61
37 62
38 62
39 62
40 62
43 62
44 62
52 62
53 62
54 62
55 62
56 62
57 62
58 62
59 62
60 62
61 62
62 62
63 62
64 62
65 62
66 62
37 63
38 63
39 63
40 63
43 63
44 63
52 63
53 63
54 63
55 63
56 63
57 63
58 63
59 63
60 63
61 63
62 63
63 63
64 63
65 63
66 63
37 64
38 64
39 64
40 64
43 64
44 64
52 64
53 64
54 64
55 64
56 64
57 64
58 64
59 64
60 64
61 64
62 64
63 64
37 65
38 65
39 65
40 65
43 65
44 65
52 65
53 65
54 65
55 65
56 65
57 65
58 65
59 65
60 65
61 65
62 65
63 65
37 66
38 66
39 66
40 66
43 66
44 66
52 66
53 66
54 66
55 66
56 66
57 66
58 66
59 66
60 66
61 66
62 66
63 66
67 67
68 68
69 69
70 70
52 71
53 71
54 71
55 71
58 71
59 71
67 71
68 71
69 71
70 71
71 71
72 71
73 71
74 71
75 71
76 71
77 71
78 71
79 71
80 71
81 71
119 71
120 71
123 71
124 71
130 71
131 71
132 71
133 71
134 71
135 71
136 71
137 71
138 71
139 71
140 71
52 72
53 72
54 72
55 72
58 72
59 72
67 72
68 72
69 72
70 72
71 72
72 72
73 72
74 72
75 72
76 72
77 72
78 72
79 72
80 72
81 72
119 72
120 72
123 72
124 72
130 72
131 72
132 72
133 72
134 72
135 72
136 72
137 72
138 72
139 72
140 72
73 73
74 74
75 75
76 76
52 77
53 77
54 77
55 77
58 77
59 77
67 77
68 77
69 77
70 77
71 77
72 77
73 77
74 77
75 77
76 77
77 77
78 77
79 77
80 77
81 77
52 78
53 78
54 78
55 78
58 78
59 78
67 78
68 78
69 78
70 78
71 78
72 78
73 78
74 78
75 78
76 78
77 78
78 78
79 78
80 78
81 78
52 79
53 79
54 79
55 79
58 79
59 79
67 79
68 79
69 79
70 79
71 79
72 79
73 79
74 79
75 79
76 79
77 79
78 79
52 80
53 80
54 80
55 80
58 80
59 80
67 80
68 80
69 80
70 80
71 80
72 80
73 80
74 80
75 80
76 80
77 80
78 80
52 81
53 81
54 81
55 81
58 81
59 81
67 81
68 81
69 81
70 81
71 81
72 81
73 81
74 81
75 81
76 81
77 81
78 81
82 82
83 83
3 84
4 84
5 84
6 84
11 84
12 84
22 84
23 84
26 84
27 84
82 84
83 84
84 84
85 84
86 84
87 84
88 84
89 84
90 84
91 84
92 84
93 84
94 84
95 84
96 84
97 84
98 84
99 84
100 84
101 84
102 84
103 84
104 84
105 84
106 84
107 84
141 84
142 84
143 84
144 84
145 84
146 84
147 84
148 84
149 84
150 84
151 84
152 84
153 84
154 84
155 84
156 84
157 84
158 84
159 84
160 84
161 84
162 84
163 84
164 84
165 84
166 84
3 85
4 85
5 85
6 85
11 85
12 85
22 85
23 85
26 85
27 85
82 85
83 85
84 85
85 85
86 85
87 85
88 85
89 85
90 85
91 85
92 85
93 85
94 85
95 85
96 85
97 85
98 85
99 85
100 85
101 85
102 85
103 85
104 85
105 85
106 85
107 85
141 85
142 85
143 85
144 85
145 85
146 85
147 85
148 85
149 85
150 85
151 85
152 85
153 85
154 85
155 85
156 85
157 85
158 85
159 85
160 85
161 85
162 85
163 85
164 85
165 85
166 85
86 86
87 87
3 88
4 88
5 88
6 88
11 88
12 88
82 88
83 88
84 88
85 88
86 88
87 88
88 88
89 88
90 88
91 88
92 88
93 88
94 88
95 88
96 88
141 88
142 88
143 88
144 88
145 88
146 88
147 88
148 88
149 88
150 88
151 88
152 88
153 88
154 88
155 88
3 89
4 89
5 89
6 89
11 89
12 89
82 89
83 89
84 89
85 89
86 89
87 89
88 89
89 89
90 89
91 89
92 89
93 89
94 89
95 89
96 89
141 89
142 89
143 89
144 89
145 89
146 89
147 89
148 89
149 89
150 89
151 89
152 89
153 89
154 89
155 89
3 90
4 90
5 90
6 90
11 90
12 90
22 90
23 90
26 90
27 90
82 90
83 90
84 90
85 90
86 90
87 90
88 90
89 90
90 90
91 90
92 90
93 90
94 90
95 90
96 90
97 90
98 90
99 90
100 90
101 90
102 90
103 90
104 90
105 90
106 90
107 90
3 91
4 91
5 91
6 91
11 91
12 91
22 91
23 91
26 91
27 91
82 91
83 91
84 91
85 91
86 91
87 91
88 91
89 91
90 91
91 91
92 91
93 91
94 91
95 91
96 91
97 91
98 91
99 91
100 91
101 91
102 91
103 91
104 91
105 91
106 91
107 91
3 92
4 92
5 92
6 92
11 92
12 92
82 92
83 92
84 92
85 92
86 92
87 92
88 92
89 92
90 92
91 92
92 92
93 92
94 92
95 92
96 92
3 93
4 93
5 93
6 93
11 93
12 93
82 93
83 93
84 93
85 93
86 93
87 93
88 93
89 93
90 93
91 93
92 93
93 93
94 93
95 93
96 93
3 94
4 94
5 94
6 94
11 94
12 94
82 94
83 94
84 94
85 94
86 94
87 94
88 94
89 94
90 94
91 94
92 94
93 94
3 95
4 95
5 95
6 95
11 95
12 95
82 95
83 95
84 95
85 95
86 95
87 95
88 95
89 95
90 95
91 95
92 95
93 95
3 96
4 96
5 96
6 96
11 96
12 96
82 96
83 96
84 96
85 96
86 96
87 96
88 96
89 96
90 96
91 96
92 96
93 96
5 97
6 97
22 97
23 97
26 97
27 97
37 97
38 97
41 97
42 97
84 97
85 97
90 97
91 97
97 97
98 97
99 97
100 97
101 97
102 97
103 97
104 97
105 97
106 97
107 97
108 97
109 97
110 97
111 97
112 97
113 97
114 97
115 97
116 97
117 97
118 97
143 97
144 97
149 97
150 97
156 97
157 97
158 97
159 97
160 97
161 97
162 97
163 97
164 97
165 97
166 97
167 97
168 97
169 97
170 97
171 97
172 97
173 97
174 97
175 97
176 97
177 97
5 98
6 98
22 98
23 98
26 98
27 98
37 98
38 98
41 98
42 98
84 98
85 98
90 98
91 98
97 98
98 98
99 98
100 98
101 98
102 98
103 98
104 98
105 98
106 98
107 98
108 98
109 98
110 98
111 98
112 98
113 98
114 98
115 98
116 98
117 98
118 98
143 98
144 98
149 98
150 98
156 98
157 98
158 98
159 98
160 98
161 98
162 98
163 98
164 98
165 98
166 98
167 98
168 98
169 98
170 98
171 98
172 98
173 98
174 98
175 98
176 98
177 98
5 99
6 99
22 99
23 99
26 99
27 99
84 99
85 99
90 99
91 99
97 99
98 99
99 99
100 99
101 99
102 99
103 99
104 99
105 99
106 99
107 99
143 99
144 99
149 99
150 99
156 99
157 99
158 99
159 99
160 99
161 99
162 99
163 99
164 99
165 99
166 99
5 100
6 100
22 100
23 100
26 100
27 100
84 100
85 100
90 100
91 100
97 100
98 100
99 100
100 100
101 100
102 100
103 100
104 100
105 100
106 100
107 100
143 100
144 100
149 100
150 100
156 100
157 100
158 100
159 100
160 100
161 100
162 100
163 100
164 100
165 100
166 100
5 101
6 101
22 101
23 101
26 101
27 101
37 101
38 101
41 101
42 101
84 101
85 101
90 101
91 101
97 101
98 101
99 101
100 101
101 101
102 101
103 101
104 101
105 101
106 101
107 101
108 101
109 101
110 101
111 101
112 101
113 101
114 101
115 101
116 101
117 101
118 101
5 102
6 102
22 102
23 102
26 102
27 102
37 102
38 102
41 102
42 102
84 102
85 102
90 102
91 102
97 102
98 102
99 102
100 102
101 102
102 102
103 102
104 102
105 102
106 102
107 102
108 102
109 102
110 102
111 102
112 102
113 102
114 102
115 102
116 102
117 102
118 102
5 103
6 103
22 103
23 103
26 103
27 103
84 103
85 103
90 103
91 103
97 103
98 103
99 103
100 103
101 103
102 103
103 103
104 103
105 103
106 103
107 103
5 104
6 104
22 104
23 104
26 104
27 104
84 104
85 104
90 104
91 104
97 104
98 104
99 104
100 104
101 104
102 104
103 104
104 104
105 104
106 104
107 104
5 105
6 105
22 105
23 105
26 105
27 105
84 105
85 105
90 105
91 105
97 105
98 105
99 105
100 105
101 105
102 105
103 105
104 105
5 106
6 106
22 106
23 106
26 106
27 106
84 106
85 106
90 106
91 106
97 106
98 106
99 106
100 106
101 106
102 106
103 106
104 106
5 107
6 107
22 107
23 107
26 107
27 107
84 107
85 107
90 107
91 107
97 107
98 107
99 107
100 107
101 107
102 107
103 107
104 107
22 108
23 108
37 108
38 108
41 108
42 108
52 108
53 108
56 108
57 108
97 108
98 108
101 108
102 108
108 108
109 108
110 108
111 108
112 108
113 108
114 108
115 108
116 108
117 108
118 108
119 108
120 108
121 108
122 108
123 108
124 108
125 108
126 108
127 108
128 108
129 108
156 108
157 108
160 108
161 108
167 108
168 108
169 108
170 108
171 108
172 108
173 108
174 108
175 108
176 108
177 108
178 108
179 108
180 108
181 108
182 108
183 108
184 108
185 108
186 108
187 108
188 108
22 109
23 109
37 109
38 109
41 109
42 109
52 109
53 109
56 109
57 109
97 109
98 109
101 109
102 109
108 109
109 109
110 109
111 109
112 109
113 109
114 109
115 109
116 109
117 109
118 109
119 109
120 109
121 109
122 109
123 109
124 109
125 109
126 109
127 109
128 109
129 109
156 109
157 109
160 109
161 109
167 109
168 109
169 109
170 109
171 109
172 109
173 109
174 109
175 109
176 109
177 109
178 109
179 109
180 109
181 109
182 109
183 109
184 109
185 109
186 109
187 109
188 109
22 110
23 110
37 110
38 110
41 110
42 110
97 110
98 110
101 110
102 110
108 110
109 110
110 110
111 110
112 110
113 110
114 110
115 110
116 110
117 110
118 110
156 110
157 110
160 110
161 110
167 110
168 110
169 110
170 110
171 110
172 110
173 110
174 110
175 110
176 110
177 110
22 111
23 111
37 111
38 111
41 111
42 111
97 111
98 111
101 111
102 111
108 111
109 111
110 111
111 111
112 111
113 111
114 111
115 111
116 111
117 111
118 111
156 111
157 111
160 111
161 111
167 111
168 111
169 111
170 111
171 111
172 111
173 111
174 111
175 111
176 111
177 111
22 112
23 112
37 112
38 112
41 112
42 112
52 112
53 112
56 112
57 112
97 112
98 112
101 112
102 112
108 112
109 112
110 112
111 112
112 112
113 112
114 112
115 112
116 112
117 112
118 112
119 112
120 112
121 112
122 112
123 112
124 112
125 112
126 112
127 112
128 112
129 112
22 113
23 113
37 113
38 113
41 113
42 113
52 113
53 113
56 113
57 113
97 113
98 113
101 113
102 113
108 113
109 113
110 113
111 113
112 113
113 113
114 113
115 113
116 113
117 113
118 113
119 113
120 113
121 113
122 113
123 113
124 113
125 113
126 113
127 113
128 113
129 113
22 114
23 114
37 114
38 114
41 114
42 114
97 114
98 114
101 114
102 114
108 114
109 114
110 114
111 114
112 114
113 114
114 114
115 114
116 114
117 114
118 114
22 115
23 115
37 115
38 115
41 115
42 115
97 115
98 115
101 115
102 115
108 115
109 115
110 115
111 115
112 115
113 115
114 115
115 115
116 115
117 115
118 115
22 116
23 116
37 116
38 116
41 116
42 116
97 116
98 116
101 116
102 116
108 116
109 116
110 116
111 116
112 116
113 116
114 116
115 116
22 117
23 117
37 117
38 117
41 117
42 117
97 117
98 117
101 117
102 117
108 117
109 117
110 117
111 117
112 117
113 117
114 117
115 117
22 118
23 118
37 118
38 118
41 118
42 118
97 118
98 118
101 118
102 118
108 118
109 118
110 118
111 118
112 118
113 118
114 118
115 118
37 119
38 119
52 119
53 119
56 119
57 119
67 119
68 119
71 119
72 119
108 119
109 119
112 119
113 119
119 119
120 119
121 119
122 119
123 119
124 119
125 119
126 119
127 119
128 119
129 119
130 119
131 119
132 119
133 119
134 119
135 119
136 119
137 119
138 119
139 119
140 119
167 119
168 119
171 119
172 119
178 119
179 119
180 119
181 119
182 119
183 119
184 119
185 119
186 119
187 119
188 119
189 119
190 119
191 119
192 119
193 119
194 119
195 119
196 119
197 119
198 119
199 119
37 120
38 120
52 120
53 120
56 120
57 120
67 120
68 120
71 120
72 120
108 120
109 120
112 120
113 120
119 120
120 120
121 120
122 120
123 120
124 120
125 120
126 120
127 120
128 120
129 120
130 120
131 120
132 120
133 120
134 120
135 120
136 120
137 120
138 120
139 120
140 120
167 120
168 120
171 120
172 120
178 120
179 120
180 120
181 120
182 120
183 120
184 120
185 120
186 120
187 120
188 120
189 120
190 120
191 120
192 120
193 120
194 120
195 120
196 120
197 120
198 120
199 120
37 121
38 121
52 121
53 121
56 121
57 121
108 121
109 121
112 121
113 121
119 121
120 121
121 121
122 121
123 121
124 121
125 121
126 121
127 121
128 121
129 121
167 121
168 121
171 121
172 121
178 121
179 121
180 121
181 121
182 121
183 121
184 121
185 121
186 121
187 121
188 121
37 122
38 122
52 122
53 122
56 122
57 122
108 122
109 122
112 122
113 122
119 122
120 122
121 122
122 122
123 122
124 122
125 122
126 122
127 122
128 122
129 122
167 122
168 122
171 122
172 122
178 122
179 122
180 122
181 122
182 122
183 122
184 122
185 122
186 122
187 122
188 122
37 123
38 123
52 123
53 123
56 123
57 123
67 123
68 123
71 123
72 123
108 123
109 123
112 123
113 123
119 123
120 123
121 123
122 123
123 123
124 123
125 123
126 123
127 123
128 123
129 123
130 123
131 123
132 123
133 123
134 123
135 123
136 123
137 123
138 123
139 123
140 123
37 124
38 124
52 124
53 124
56 124
57 124
67 124
68 124
71 124
72 124
108 124
109 124
112 124
113 124
119 124
120 124
121 124
122 124
123 124
124 124
125 124
126 124
127 124
128 124
129 124
130 124
131 124
132 124
133 124
134 124
135 124
136 124
137 124
138 124
139 124
140 124
37 125
38 125
52 125
53 125
56 125
57 125
108 125
109 125
112 125
113 125
119 125
120 125
121 125
122 125
123 125
124 125
125 125
126 125
127 125
128 125
129 125
37 126
38 126
52 126
53 126
56 126
57 126
108 126
109 126
112 126
113 126
119 126
120 126
121 126
122 126
123 126
124 126
125 126
126 126
127 126
128 126
129 126
37 127
38 127
52 127
53 127
56 127
57 127
108 127
109 127
112 127
113 127
119 127
120 127
121 127
122 127
123 127
124 127
125 127
126 127
37 128
38 128
52 128
53 128
56 128
57 128
108 128
109 128
112 128
113 128
119 128
120 128
121 128
122 128
123 128
124 128
125 128
126 128
37 129
38 129
52 129
53 129
56 129
57 129
108 129
109 129
112 129
113 129
119 129
120 129
121 129
122 129
123 129
124 129
125 129
126 129
130 130
131 131
52 132
53 132
67 132
68 132
71 132
72 132
119 132
120 132
123 132
124 132
130 132
131 132
132 132
133 132
134 132
135 132
136 132
137 132
138 132
139 132
140 132
178 132
179 132
182 132
183 132
189 132
190 132
191 132
192 132
193 132
194 132
195 132
196 132
197 132
198 132
199 132
52 133
53 133
67 133
68 133
71 133
72 133
119 133
120 133
123 133
124 133
130 133
131 133
132 133
133 133
134 133
135 133
136 133
137 133
138 133
139 133
140 133
178 133
179 133
182 133
183 133
189 133
190 133
191 133
192 133
193 133
194 133
195 133
196 133
197 133
198 133
199 133
134 134
135 135
52 136
53 136
67 136
68 136
71 136
72 136
119 136
120 136
123 136
124 136
130 136
131 136
132 136
133 136
134 136
135 136
136 136
137 136
138 136
139 136
140 136
52 137
53 137
67 137
68 137
71 137
72 137
119 137
120 137
123 137
124 137
130 137
131 137
132 137
133 137
134 137
135 137
136 137
137 137
138 137
139 137
140 137
52 138
53 138
67 138
68 138
71 138
72 138
119 138
120 138
123 138
124 138
130 138
131 138
132 138
133 138
134 138
135 138
136 138
137 138
52 139
53 139
67 139
68 139
71 139
72 139
119 139
120 139
123 139
124 139
130 139
131 139
132 139
133 139
134 139
135 139
136 139
137 139
52 140
53 140
67 140
68 140
71 140
72 140
119 140
120 140
123 140
124 140
130 140
131 140
132 140
133 140
134 140
135 140
136 140
137 140
141 141
142 142
82 143
83 143
84 143
85 143
88 143
89 143
97 143
98 143
99 143
100 143
141 143
142 143
143 143
144 143
145 143
146 143
147 143
148 143
149 143
150 143
151 143
152 143
153 143
154 143
155 143
156 143
157 143
158 143
159 143
160 143
161 143
162 143
163 143
164 143
165 143
166 143
200 143
201 143
202 143
203 143
204 143
205 143
206 143
207 143
208 143
209 143
210 143
211 143
212 143
213 143
214 143
215 143
216 143
217 143
218 143
219 143
220 143
221 143
222 143
223 143
224 143
225 143
82 144
83 144
84 144
85 144
88 144
89 144
97 144
98 144
99 144
100 144
141 144
142 144
143 144
144 144
145 144
146 144
147 144
148 144
149 144
150 144
151 144
152 144
153 144
154 144
155 144
156 144
157 144
158 144
159 144
160 144
161 144
162 144
163 144
164 144
165 144
166 144
200 144
201 144
202 144
203 144
204 144
205 144
206 144
207 144
208 144
209 144
210 144
211 144
212 144
213 144
214 144
215 144
216 144
217 144
218 144
219 144
220 144
221 144
222 144
223 144
224 144
225 144
145 145
146 146
82 147
83 147
84 147
85 147
88 147
89 147
141 147
142 147
143 147
144 147
145 147
146 147
147 147
148 147
149 147
150 147
151 147
152 147
153 147
154 147
155 147
200 147
201 147
202 147
203 147
204 147
205 147
206 147
207 147
208 147
209 147
210 147
211 147
212 147
213 147
214 147
82 148
83 148
84 148
85 148
88 148
89 148
141 148
142 148
143 148
144 148
145 148
146 148
147 148
148 148
149 148
150 148
151 148
152 148
153 148
154 148
155 148
200 148
201 148
202 148
203 148
204 148
205 148
206 148
207 148
208 148
209 148
210 148
211 148
212 148
213 148
214 148
82 149
83 149
84 149
85 149
88 149
89 149
97 149
98 149
99 149
100 149
141 149
142 149
143 149
144 149
145 149
146 149
147 149
148 149
149 149
150 149
151 149
152 149
153 149
154 149
155 149
156 149
157 149
158 149
159 149
160 149
161 149
162 149
163 149
164 149
165 149
166 149
82 150
83 150
84 150
85 150
88 150
89 150
97 150
98 150
99 150
100 150
141 150
142 150
143 150
144 150
145 150
146 150
147 150
148 150
149 150
150 150
151 150
152 150
153 150
154 150
155 150
156 150
157 150
158 150
159 150
160 150
161 150
162 150
163 150
164 150
165 150
166 150
82 151
83 151
84 151
85 151
88 151
89 151
141 151
142 151
143 151
144 151
145 151
146 151
147 151
148 151
149 151
150 151
151 151
152 151
153 151
154 151
155 151
82 152
83 152
84 152
85 152
88 152
89 152
141 152
142 152
143 152
144 152
145 152
146 152
147 152
148 152
149 152
150 152
151 152
152 152
153 152
154 152
155 152
82 153
83 153
84 153
85 153
88 153
89 153
141 153
142 153
143 153
144 153
145 153
146 153
147 153
148 153
149 153
150 153
151 153
152 153
82 154
83 154
84 154
85 154
88 154
89 154
141 154
142 154
143 154
144 154
145 154
146 154
147 154
148 154
149 154
150 154
151 154
152 154
82 155
83 155
84 155
85 155
88 155
89 155
141 155
142 155
143 155
144 155
145 155
146 155
147 155
148 155
149 155
150 155
151 155
152 155
84 156
85 156
97 156
98 156
99 156
100 156
108 156
109 156
110 156
111 156
143 156
144 156
149 156
150 156
156 156
157 156
158 156
159 156
160 156
161 156
162 156
163 156
164 156
165 156
166 156
167 156
168 156
169 156
170 156
171 156
172 156
173 156
174 156
175 156
176 156
177 156
202 156
203 156
208 156
209 156
215 156
216 156
217 156
218 156
219 156
220 156
221 156
222 156
223 156
224 156
225 156
226 156
227 156
228 156
229 156
230 156
231 156
232 156
233 156
234 156
235 156
236 156
84 157
85 157
97 157
98 157
99 157
100 157
108 157
109 157
110 157
111 157
143 157
144 157
149 157
150 157
156 157
157 157
158 157
159 157
160 157
161 157
162 157
163 157
164 157
165 157
166 157
167 157
168 157
169 157
170 157
171 157
172 157
173 157
174 157
175 157
176 157
177 157
202 157
203 157
208 157
209 157
215 157
216 157
217 157
218 157
219 157
220 157
221 157
222 157
223 157
224 157
225 157
226 157
227 157
228 157
229 157
230 157
231 157
232 157
233 157
234 157
235 157
236 157
84 158
85 158
97 158
98 158
99 158
100 158
143 158
144 158
149 158
150 158
156 158
157 158
158 158
159 158
160 158
161 158
162 158
163 158
164 158
165 158
166 158
202 158
203 158
208 158
209 158
215 158
216 158
217 158
218 158
219 158
220 158
221 158
222 158
223 158
224 158
225 158
84 159
85 159
97 159
98 159
99 159
100 159
143 159
144 159
149 159
150 159
156 159
157 159
158 159
159 159
160 159
161 159
162 159
163 159
164 159
165 159
166 159
202 159
203 159
208 159
209 159
215 159
216 159
217 159
218 159
219 159
220 159
221 159
222 159
223 159
224 159
225 159
84 160
85 160
97 160
98 160
99 160
100 160
108 160
109 160
110 160
111 160
143 160
144 160
149 160
150 160
156 160
157 160
158 160
159 160
160 160
161 160
162 160
163 160
164 160
165 160
166 160
167 160
168 160
169 160
170 160
171 160
172 160
173 160
174 160
175 160
176 160
177 160
84 161
85 161
97 161
98 161
99 161
100 161
108 161
109 161
110 161
111 161
143 161
144 161
149 161
150 161
156 161
157 161
158 161
159 161
160 161
161 161
162 161
163 161
164 161
165 161
166 161
167 161
168 161
169 161
170 161
171 161
172 161
173 161
174 161
175 161
176 161
177 161
84 162
85 162
97 162
98 162
99 162
100 162
143 162
144 162
149 162
150 162
156 162
157 162
158 162
159 162
160 162
161 162
162 162
163 162
164 162
165 162
166 162
84 163
85 163
97 163
98 163
99 163
100 163
143 163
144 163
149 163
150 163
156 163
157 163
158 163
159 163
160 163
161 163
162 163
163 163
164 163
165 163
166 163
84 164
85 164
97 164
98 164
99 164
100 164
143 164
144 164
149 164
150 164
156 164
157 164
158 164
159 164
160 164
161 164
162 164
163 164
84 165
85 165
97 165
98 165
99 165
100 165
143 165
144 165
149 165
150 165
156 165
157 165
158 165
159 165
160 165
161 165
162 165
163 165
84 166
85 166
97 166
98 166
99 166
100 166
143 166
144 166
149 166
150 166
156 166
157 166
158 166
159 166
160 166
161 166
162 166
163 166
97 167
98 167
108 167
109 167
110 167
111 167
119 167
120 167
121 167
122 167
156 167
157 167
160 167
161 167
167 167
168 167
169 167
170 167
171 167
172 167
173 167
174 167
175 167
176 167
177 167
178 167
179 167
180 167
181 167
182 167
183 167
184 167
185 167
186 167
187 167
188 167
215 167
216 167
219 167
220 167
226 167
227 167
228 167
229 167
230 167
231 167
232 167
233 167
234 167
235 167
236 167
237 167
238 167
239 167
240 167
241 167
242 167
243 167
244 167
245 167
246 167
247 167
97 168
98 168
108 168
109 168
110 168
111 168
119 168
120 168
121 168
122 168
156 168
157 168
160 168
161 168
167 168
168 168
169 168
170 168
171 168
172 168
173 168
174 168
175 168
176 168
177 168
178 168
179 168
180 168
181 168
182 168
183 168
184 168
185 168
186 168
187 168
188 168
215 168
216 168
219 168
220 168
226 168
227 168
228 168
229 168
230 168
231 168
232 168
233 168
234 168
235 168
236 168
237 168
238 168
239 168
240 168
241 168
242 168
243 168
244 168
245 168
246 168
247 168
97 169
98 169
108 169
109 169
110 169
111 169
156 169
157 169
160 169
161 169
167 169
168 169
169 169
170 169
171 169
172 169
173 169
174 169
175 169
176 169
177 169
215 169
216 169
219 169
220 169
226 169
227 169
228 169
229 169
230 169
231 169
232 169
233 169
234 169
235 169
236 169
97 170
98 170
108 170
109 170
110 170
111 170
156 170
157 170
160 170
161 170
167 170
168 170
169 170
170 170
171 170
172 170
173 170
174 170
175 170
176 170
177 170
215 170
216 170
219 170
220 170
226 170
227 170
228 170
229 170
230 170
231 170
232 170
233 170
234 170
235 170
236 170
97 171
98 171
108 171
109 171
110 171
111 171
119 171
120 171
121 171
122 171
156 171
157 171
160 171
161 171
167 171
168 171
169 171
170 171
171 171
172 171
173 171
174 171
175 171
176 171
177 171
178 171
179 171
180 171
181 171
182 171
183 171
184 171
185 171
186 171
187 171
188 171
97 172
98 172
108 172
109 172
110 172
111 172
119 172
120 172
121 172
122 172
156 172
157 172
160 172
161 172
167 172
168 172
169 172
170 172
171 172
172 172
173 172
174 172
175 172
176 172
177 172
178 172
179 172
180 172
181 172
182 172
183 172
184 172
185 172
186 172
187 172
188 172
97 173
98 173
108 173
109 173
110 173
111 173
156 173
157 173
160 173
161 173
167 173
168 173
169 173
170 173
171 173
172 173
173 173
174 173
175 173
176 173
177 173
97 174
98 174
108 174
109 174
110 174
111 174
156 174
157 174
160 174
161 174
167 174
168 174
169 174
170 174
171 174
172 174
173 174
174 174
175 174
176 174
177 174
97 175
98 175
108 175
109 175
110 175
111 175
156 175
157 175
160 175
161 175
167 175
168 175
169 175
170 175
171 175
172 175
173 175
174 175
97 176
98 176
108 176
109 176
110 176
111 176
156 176
157 176
160 176
161 176
167 176
168 176
169 176
170 176
171 176
172 176
173 176
174 176
97 177
98 177
108 177
109 177
110 177
111 177
156 177
157 177
160 177
161 177
167 177
168 177
169 177
170 177
171 177
172 177
173 177
174 177
108 178
109 178
119 178
120 178
121 178
122 178
130 178
131 178
132 178
133 178
167 178
168 178
171 178
172 178
178 178
179 178
180 178
181 178
182 178
183 178
184 178
185 178
186 178
187 178
188 178
189 178
190 178
191 178
192 178
193 178
194 178
195 178
196 178
197 178
198 178
199 178
226 178
227 178
230 178
231 178
237 178
238 178
239 178
240 178
241 178
242 178
243 178
244 178
245 178
246 178
247 178
248 178
249 178
250 178
251 178
252 178
253 178
254 178
255 178
256 178
257 178
258 178
108 179
109 179
119 179
120 179
121 179
122 179
130 179
131 179
132 179
133 179
167 179
168 179
171 179
172 179
178 179
179 179
180 179
181 179
182 179
183 179
184 179
185 179
186 179
187 179
188 179
189 179
190 179
191 179
192 179
193 179
194 179
195 179
196 179
197 179
198 179
199 179
226 179
227 179
230 179
231 179
237 179
238 179
239 179
240 179
241 179
242 179
243 179
244 179
245 179
246 179
247 179
248 179
249 179
250 179
251 179
252 179
253 179
254 179
255 179
256 179
257 179
258 179
108 180
109 180
119 180
120 180
121 180
122 180
167 180
168 180
171 180
172 180
178 180
179 180
180 180
181 180
182 180
183 180
184 180
185 180
186 180
187 180
188 180
226 180
227 180
230 180
231 180
237 180
238 180
239 180
240 180
241 180
242 180
243 180
244 180
245 180
246 180
247 180
108 181
109 181
119 181
120 181
121 181
122 181
167 181
168 181
171 181
172 181
178 181
179 181
180 181
181 181
182 181
183 181
184 181
185 181
186 181
187 181
188 181
226 181
227 181
230 181
231 181
237 181
238 181
239 181
240 181
241 181
242 181
243 181
244 181
245 181
246 181
247 181
108 182
109 182
119 182
120 182
121 182
122 182
130 182
131 182
132 182
133 182
167 182
168 182
171 182
172 182
178 182
179 182
180 182
181 182
182 182
183 182
184 182
185 182
186 182
187 182
188 182
189 182
190 182
191 182
192 182
193 182
194 182
195 182
196 182
197 182
198 182
199 182
108 183
109 183
119 183
120 183
121 183
122 183
130 183
131 183
132 183
133 183
167 183
168 183
171 183
172 183
178 183
179 183
180 183
181 183
182 183
183 183
184 183
185 183
186 183
187 183
188 183
189 183
190 183
191 183
192 183
193 183
194 183
195 183
196 183
197 183
198 183
199 183
108 184
109 184
119 184
120 184
121 184
122 184
167 184
168 184
171 184
172 184
178 184
179 184
180 184
181 184
182 184
183 184
184 184
185 184
186 184
187 184
188 184
108 185
109 185
119 185
120 185
121 185
122 185
167 185
168 185
171 185
172 185
178 185
179 185
180 185
181 185
182 185
183 185
184 185
185 185
186 185
187 185
188 185
108 186
109 186
119 186
120 186
121 186
122 186
167 186
168 186
171 186
172 186
178 186
179 186
180 186
181 186
182 186
183 186
184 186
185 186
108 187
109 187
119 187
120 187
121 187
122 187
167 187
168 187
171 187
172 187
178 187
179 187
180 187
181 187
182 187
183 187
184 187
185 187
108 188
109 188
119 188
120 188
121 188
122 188
167 188
168 188
171 188
172 188
178 188
179 188
180 188
181 188
182 188
183 188
184 188
185 188
189 189
190 190
119 191
120 191
130 191
131 191
132 191
133 191
178 191
179 191
182 191
183 191
189 191
190 191
191 191
192 191
193 191
194 191
195 191
196 191
197 191
198 191
199 191
237 191
238 191
241 191
242 191
248 191
249 191
250 191
251 191
252 191
253 191
254 191
255 191
256 191
257 191
258 191
119 192
120 192
130 192
131 192
132 192
133 192
178 192
179 192
182 192
183 192
189 192
190 192
191 192
192 192
193 192
194 192
195 192
196 192
197 192
198 192
199 192
237 192
238 192
241 192
242 192
248 192
249 192
250 192
251 192
252 192
253 192
254 192
255 192
256 192
257 192
258 192
193 193
194 194
119 195
120 195
130 195
131 195
132 195
133 195
178 195
179 195
182 195
183 195
189 195
190 195
191 195
192 195
193 195
194 195
195 195
196 195
197 195
198 195
199 195
119 196
120 196
130 196
131 196
132 196
133 196
178 196
179 196
182 196
183 196
189 196
190 196
191 196
192 196
193 196
194 196
195 196
196 196
197 196
198 196
199 196
119 197
120 197
130 197
131 197
132 197
133 197
178 197
179 197
182 197
183 197
189 197
190 197
191 197
192 197
193 197
194 197
195 197
196 197
119 198
120 198
130 198
131 198
132 198
133 198
178 198
179 198
182 198
183 198
189 198
190 198
191 198
192 198
193 198
194 198
195 198
196 198
119 199
120 199
130 199
131 199
132 199
133 199
178 199
179 199
182 199
183 199
189 199
190 199
191 199
192 199
193 199
194 199
195 199
196 199
200 200
201 201
141 202
142 202
143 202
144 202
147 202
148 202
156 202
157 202
158 202
159 202
200 202
201 202
202 202
203 202
204 202
205 202
206 202
207 202
208 202
209 202
210 202
211 202
212 202
213 202
214 202
215 202
216 202
217 202
218 202
219 202
220 202
221 202
222 202
223 202
224 202
225 202
259 202
260 202
261 202
262 202
263 202
264 202
265 202
266 202
267 202
268 202
269 202
270 202
271 202
272 202
273 202
274 202
275 202
276 202
277 202
278 202
279 202
280 202
281 202
282 202
283 202
284 202
141 203
142 203
143 203
144 203
147 203
148 203
156 203
157 203
158 203
159 203
200 203
201 203
202 203
203 203
204 203
205 203
206 203
207 203
208 203
209 203
210 203
211 203
212 203
213 203
214 203
215 203
216 203
217 203
218 203
219 203
220 203
221 203
222 203
223 203
224 203
225 203
259 203
260 203
261 203
262 203
263 203
264 203
265 203
266 203
267 203
268 203
269 203
270 203
271 203
272 203
273 203
274 203
275 203
276 203
277 203
278 203
279 203
280 203
281 203
282 203
283 203
284 203
204 204
205 205
141 206
142 206
143 206
144 206
147 206
148 206
200 206
201 206
202 206
203 206
204 206
205 206
206 206
207 206
208 206
209 206
210 206
211 206
212 206
213 206
214 206
259 206
260 206
261 206
262 206
263 206
264 206
265 206
266 206
267 206
268 206
269 206
270 206
271 206
272 206
273 206
141 207
142 207
143 207
144 207
147 207
148 207
200 207
201 207
202 207
203 207
204 207
205 207
206 207
207 207
208 207
209 207
210 207
211 207
212 207
213 207
214 207
259 207
260 207
261 207
262 207
263 207
264 207
265 207
266 207
267 207
268 207
269 207
270 207
271 207
272 207
273 207
141 208
142 208
143 208
144 208
147 208
148 208
156 208
157 208
158 208
159 208
200 208
201 208
202 208
203 208
204 208
205 208
206 208
207 208
208 208
209 208
210 208
211 208
212 208
213 208
214 208
215 208
216 208
217 208
218 208
219 208
220 208
221 208
222 208
223 208
224 208
225 208
141 209
142 209
143 209
144 209
147 209
148 209
156 209
157 209
158 209
159 209
200 209
201 209
202 209
203 209
204 209
205 209
206 209
207 209
208 209
209 209
210 209
211 209
212 209
213 209
214 209
215 209
216 209
217 209
218 209
219 209
220 209
221 209
222 209
223 209
224 209
225 209
141 210
142 210
143 210
144 210
147 210
148 210
200 210
201 210
202 210
203 210
204 210
205 210
206 210
207 210
208 210
209 210
210 210
211 210
212 210
213 210
214 210
141 211
142 211
143 211
144 211
147 211
148 211
200 211
201 211
202 211
203 211
204 211
205 211
206 211
207 211
208 211
209 211
210 211
211 211
212 211
213 211
214 211
141 212
142 212
143 212
144 212
147 212
148 212
200 212
201 212
202 212
203 212
204 212
205 212
206 212
207 212
208 212
209 212
210 212
211 212
141 213
142 213
143 213
144 213
147 213
148 213
200 213
201 213
202 213
203 213
204 213
205 213
206 213
207 213
208 213
209 213
210 213
211 213
141 214
142 214
143 214
144 214
147 214
148 214
200 214
201 214
202 214
203 214
204 214
205 214
206 214
207 214
208 214
209 214
210 214
211 214
143 215
144 215
156 215
157 215
158 215
159 215
167 215
168 215
169 215
170 215
202 215
203 215
208 215
209 215
215 215
216 215
217 215
218 215
219 215
220 215
221 215
222 215
223 215
224 215
225 215
226 215
227 215
228 215
229 215
230 215
231 215
232 215
233 215
234 215
235 215
236 215
261 215
262 215
267 215
268 215
274 215
275 215
276 215
277 215
278 215
279 215
280 215
281 215
282 215
283 215
284 215
285 215
286 215
287 215
288 215
289 215
290 215
291 215
292 215
293 215
294 215
295 215
143 216
144 216
156 216
157 216
158 216
159 216
167 216
168 216
169 216
170 216
202 216
203 216
208 216
209 216
215 216
216 216
217 216
218 216
219 216
220 216
221 216
222 216
223 216
224 216
225 216
226 216
227 216
228 216
229 216
230 216
231 216
232 216
233 216
234 216
235 216
236 216
261 216
262 216
267 216
268 216
274 216
275 216
276 216
277 216
278 216
279 216
280 216
281 216
282 216
283 216
284 216
285 216
286 216
287 216
288 216
289 216
290 216
291 216
292 216
293 216
294 216
295 216
143 217
144 217
156 217
157 217
158 217
159 217
202 217
203 217
208 217
209 217
215 217
216 217
217 217
218 217
219 217
220 217
221 217
222 217
223 217
224 217
225 217
261 217
262 217
267 217
268 217
274 217
275 217
276 217
277 217
278 217
279 217
280 217
281 217
282 217
283 217
284 217
143 218
144 218
156 218
157 218
158 218
159 218
202 218
203 218
208 218
209 218
215 218
216 218
217 218
218 218
219 218
220 218
221 218
222 218
223 218
224 218
225 218
261 218
262 218
267 218
268 218
274 218
275 218
276 218
277 218
278 218
279 218
280 218
281 218
282 218
283 218
284 218
143 219
144 219
156 219
157 219
158 219
159 219
167 219
168 219
169 219
170 219
202 219
203 219
208 219
209 219
215 219
216 219
217 219
218 219
219 219
220 219
221 219
222 219
223 219
224 219
225 219
226 219
227 219
228 219
229 219
230 219
231 219
232 219
233 219
234 219
235 219
236 219
143 220
144 220
156 220
157 220
158 220
159 220
167 220
168 220
169 220
170 220
202 220
203 220
208 220
209 220
215 220
216 220
217 220
218 220
219 220
220 220
221 220
222 220
223 220
224 220
225 220
226 220
227 220
228 220
229 220
230 220
231 220
232 220
233 220
234 220
235 220
236 220
143 221
144 221
156 221
157 221
158 221
159 221
202 221
203 221
208 221
209 221
215 221
216 221
217 221
218 221
219 221
220 221
221 221
222 221
223 221
224 221
225 221
143 222
144 222
156 222
157 222
158 222
159 222
202 222
203 222
208 222
209 222
215 222
216 222
217 222
218 222
219 222
220 222
221 222
222 222
223 222
224 222
225 222
143 223
144 223
156 223
157 223
158 223
159 223
202 223
203 223
208 223
209 223
215 223
216 223
217 223
218 223
219 223
220 223
221 223
222 223
143 224
144 224
156 224
157 224
158 224
159 224
202 224
203 224
208 224
209 224
215 224
216 224
217 224
218 224
219 224
220 224
221 224
222 224
143 225
144 225
156 225
157 225
158 225
159 225
202 225
203 225
208 225
209 225
215 225
216 225
217 225
218 225
219 225
220 225
221 225
222 225
156 226
157 226
167 226
168 226
169 226
170 226
178 226
179 226
180 226
181 226
215 226
216 226
219 226
220 226
226 226
227 226
228 226
229 226
230 226
231 226
232 226
233 226
234 226
235 226
236 226
237 226
238 226
239 226
240 226
241 226
242 226
243 226
244 226
245 226
246 226
247 226
274 226
275 226
278 226
279 226
285 226
286 226
287 226
288 226
289 226
290 226
291 226
292 226
293 226
294 226
295 226
296 226
297 226
298 226
299 226
300 226
301 226
302 226
303 226
304 226
305 226
306 226
156 227
157 227
167 227
168 227
169 227
170 227
178 227
179 227
180 227
181 227
215 227
216 227
219 227
220 227
226 227
227 227
228 227
229 227
230 227
231 227
232 227
233 227
234 227
235 227
236 227
237 227
238 227
239 227
240 227
241 227
242 227
243 227
244 227
245 227
246 227
247 227
274 227
275 227
278 227
279 227
285 227
286 227
287 227
288 227
289 227
290 227
291 227
292 227
293 227
294 227
295 227
296 227
297 227
298 227
299 227
300 227
301 227
302 227
303 227
304 227
305 227
306 227
156 228
157 228
167 228
168 228
169 228
170 228
215 228
216 228
219 228
220 228
226 228
227 228
228 228
229 228
230 228
231 228
232 228
233 228
234 228
235 228
236 228
274 228
275 228
278 228
279 228
285 228
286 228
287 228
288 228
289 228
290 228
291 228
292 228
293 228
294 228
295 228
156 229
157 229
167 229
168 229
169 229
170 229
215 229
216 229
219 229
220 229
226 229
227 229
228 229
229 229
230 229
231 229
232 229
233 229
234 229
235 229
236 229
274 229
275 229
278 229
279 229
285 229
286 229
287 229
288 229
289 229
290 229
291 229
292 229
293 229
294 229
295 229
156 230
157 230
167 230
168 230
169 230
170 230
178 230
179 230
180 230
181 230
215 230
216 230
219 230
220 230
226 230
227 230
228 230
229 230
230 230
231 230
232 230
233 230
234 230
235 230
236 230
237 230
238 230
239 230
240 230
241 230
242 230
243 230
244 230
245 230
246 230
247 230
156 231
157 231
167 231
168 231
169 231
170 231
178 231
179 231
180 231
181 231
215 231
216 231
219 231
220 231
226 231
227 231
228 231
229 231
230 231
231 231
232 231
233 231
234 231
235 231
236 231
237 231
238 231
239 231
240 231
241 231
242 231
243 231
244 231
245 231
246 231
247 231
156 232
157 232
167 232
168 232
169 232
170 232
215 232
216 232
219 232
220 232
226 232
227 232
228 232
229 232
230 232
231 232
232 232
233 232
234 232
235 232
236 232
156 233
157 233
167 233
168 233
169 233
170 233
215 233
216 233
219 233
220 233
226 233
227 233
228 233
229 233
230 233
231 233
232 233
233 233
234 233
235 233
236 233
156 234
157 234
167 234
168 234
169 234
170 234
215 234
216 234
219 234
220 234
226 234
227 234
228 234
229 234
230 234
231 234
232 234
233 234
156 235
157 235
167 235
168 235
169 235
170 235
215 235
216 235
219 235
220 235
226 235
227 235
228 235
229 235
230 235
231 235
232 235
233 235
156 236
157 236
167 236
168 236
169 236
170 236
215 236
216 236
219 236
220 236
226 236
227 236
228 236
229 236
230 236
231 236
232 236
233 236
167 237
168 237
178 237
179 237
180 237
181 237
189 237
190 237
191 237
192 237
226 237
227 237
230 237
231 237
237 237
238 237
239 237
240 237
241 237
242 237
243 237
244 237
245 237
246 237
247 237
248 237
249 237
250 237
251 237
252 237
253 237
254 237
255 237
256 237
257 237
258 237
285 237
286 237
289 237
290 237
296 237
297 237
298 237
299 237
300 237
301 237
302 237
303 237
304 237
305 237
306 237
307 237
308 237
309 237
310 237
311 237
312 237
313 237
314 237
315 237
316 237
317 237
167 238
168 238
178 238
179 238
180 238
181 238
189 238
190 238
191 238
192 238
226 238
227 238
230 238
231 238
237 238
238 238
239 238
240 238
241 238
242 238
243 238
244 238
245 238
246 238
247 238
248 238
249 238
250 238
251 238
252 238
253 238
254 238
255 238
256 238
257 238
258 238
285 238
286 238
289 238
290 238
296 238
297 238
298 238
299 238
300 238
301 238
302 238
303 238
304 238
305 238
306 238
307 238
308 238
309 238
310 238
311 238
312 238
313 238
314 238
315 238
316 238
317 238
167 239
168 239
178 239
179 239
180 239
181 239
226 239
227 239
230 239
231 239
237 239
238 239
239 239
240 239
241 239
242 239
243 239
244 239
245 239
246 239
247 239
285 239
286 239
289 239
290 239
296 239
297 239
298 239
299 239
300 239
301 239
302 239
303 239
304 239
305 239
306 239
167 240
168 240
178 240
179 240
180 240
181 240
226 240
227 240
230 240
231 240
237 240
238 240
239 240
240 240
241 240
242 240
243 240
244 240
245 240
246 240
247 240
285 240
286 240
289 240
290 240
296 240
297 240
298 240
299 240
300 240
301 240
302 240
303 240
304 240
305 240
306 240
167 241
168 241
178 241
179 241
180 241
181 241
189 241
190 241
191 241
192 241
226 241
227 241
230 241
231 241
237 241
238 241
239 241
240 241
241 241
242 241
243 241
244 241
245 241
246 241
247 241
248 241
249 241
250 241
251 241
252 241
253 241
254 241
255 241
256 241
257 241
258 241
167 242
168 242
178 242
179 242
180 242
181 242
189 242
190 242
191 242
192 242
226 242
227 242
230 242
231 242
237 242
238 242
239 242
240 242
241 242
242 242
243 242
244 242
245 242
246 242
247 242
248 242
249 242
250 242
251 242
252 242
253 242
254 242
255 242
256 242
257 242
258 242
167 243
168 243
178 243
179 243
180 243
181 243
226 243
227 243
230 243
231 243
237 243
238 243
239 243
240 243
241 243
242 243
243 243
244 243
245 243
246 243
247 243
167 244
168 244
178 244
179 244
180 244
181 244
226 244
227 244
230 244
231 244
237 244
238 244
239 244
240 244
241 244
242 244
243 244
244 244
245 244
246 244
247 244
167 245
168 245
178 245
179 245
180 245
181 245
226 245
227 245
230 245
231 245
237 245
238 245
239 245
240 245
241 245
242 245
243 245
244 245
167 246
168 246
178 246
179 246
180 246
181 246
226 246
227 246
230 246
231 246
237 246
238 246
239 246
240 246
241 246
242 246
243 246
244 246
167 247
168 247
178 247
179 247
180 247
181 247
226 247
227 247
230 247
231 247
237 247
238 247
239 247
240 247
241 247
242 247
243 247
244 247
248 248
249 249
178 250
179 250
189 250
190 250
191 250
192 250
237 250
238 250
241 250
242 250
248 250
249 250
250 250
251 250
252 250
253 250
254 250
255 250
256 250
257 250
258 250
296 250
297 250
300 250
301 250
307 250
308 250
309 250
310 250
311 250
312 250
313 250
314 250
315 250
316 250
317 250
178 251
179 251
189 251
190 251
191 251
192 251
237 251
238 251
241 251
242 251
248 251
249 251
250 251
251 251
252 251
253 251
254 251
255 251
256 251
257 251
258 251
296 251
297 251
300 251
301 251
307 251
308 251
309 251
310 251
311 251
312 251
313 251
314 251
315 251
316 251
317 251
252 252
253 253
178 254
179 254
189 254
190 254
191 254
192 254
237 254
238 254
241 254
242 254
248 254
249 254
250 254
251 254
252 254
253 254
254 254
255 254
256 254
257 254
258 254
178 255
179 255
189 255
190 255
191 255
192 255
237 255
238 255
241 255
242 255
248 255
249 255
250 255
251 255
252 255
253 255
254 255
255 255
256 255
257 255
258 255
178 256
179 256
189 256
190 256
191 256
192 256
237 256
238 256
241 256
242 256
248 256
249 256
250 256
251 256
252 256
253 256
254 256
255 256
178 257
179 257
189 257
190 257
191 257
192 257
237 257
238 257
241 257
242 257
248 257
249 257
250 257
251 257
252 257
253 257
254 257
255 257
178 258
179 258
189 258
190 258
191 258
192 258
237 258
238 258
241 258
242 258
248 258
249 258
250 258
251 258
252 258
253 258
254 258
255 258
259 259
260 260
261 261
262 262
263 263
264 264
265 265
266 266
200 267
201 267
202 267
203 267
206 267
207 267
215 267
216 267
217 267
218 267
259 267
260 267
261 267
262 267
263 267
264 267
265 267
266 267
267 267
268 267
269 267
270 267
271 267
272 267
273 267
274 267
275 267
276 267
277 267
278 267
279 267
280 267
281 267
282 267
283 267
284 267
200 268
201 268
202 268
203 268
206 268
207 268
215 268
216 268
217 268
218 268
259 268
260 268
261 268
262 268
263 268
264 268
265 268
266 268
267 268
268 268
269 268
270 268
271 268
272 268
273 268
274 268
275 268
276 268
277 268
278 268
279 268
280 268
281 268
282 268
283 268
284 268
200 269
201 269
202 269
203 269
206 269
207 269
259 269
260 269
261 269
262 269
263 269
264 269
265 269
266 269
267 269
268 269
269 269
270 269
271 269
272 269
273 269
200 270
201 270
202 270
203 270
206 270
207 270
259 270
260 270
261 270
262 270
263 270
264 270
265 270
266 270
267 270
268 270
269 270
270 270
271 270
272 270
273 270
200 271
201 271
202 271
203 271
206 271
207 271
259 271
260 271
261 271
262 271
263 271
264 271
265 271
266 271
267 271
268 271
269 271
270 271
200 272
201 272
202 272
203 272
206 272
207 272
259 272
260 272
261 272
262 272
263 272
264 272
265 272
266 272
267 272
268 272
269 272
270 272
200 273
201 273
202 273
203 273
206 273
207 273
259 273
260 273
261 273
262 273
263 273
264 273
265 273
266 273
267 273
268 273
269 273
270 273
274 274
275 275
276 276
277 277
202 278
203 278
215 278
216 278
217 278
218 278
226 278
227 278
228 278
229 278
261 278
262 278
267 278
268 278
274 278
275 278
276 278
277 278
278 278
279 278
280 278
281 278
282 278
283 278
284 278
285 278
286 278
287 278
288 278
289 278
290 278
291 278
292 278
293 278
294 278
295 278
202 279
203 279
215 279
216 279
217 279
218 279
226 279
227 279
228 279
229 279
261 279
262 279
267 279
268 279
274 279
275 279
276 279
277 279
278 279
279 279
280 279
281 279
282 279
283 279
284 279
285 279
286 279
287 279
288 279
289 279
290 279
291 279
292 279
293 279
294 279
295 279
202 280
203 280
215 280
216 280
217 280
218 280
261 280
262 280
267 280
268 280
274 280
275 280
276 280
277 280
278 280
279 280
280 280
281 280
282 280
283 280
284 280
202 281
203 281
215 281
216 281
217 281
218 281
261 281
262 281
267 281
268 281
274 281
275 281
276 281
277 281
278 281
279 281
280 281
281 281
282 281
283 281
284 281
202 282
203 282
215 282
216 282
217 282
218 282
261 282
262 282
267 282
268 282
274 282
275 282
276 282
277 282
278 282
279 282
280 282
281 282
202 283
203 283
215 283
216 283
217 283
218 283
261 283
262 283
267 283
268 283
274 283
275 283
276 283
277 283
278 283
279 283
280 283
281 283
202 284
203 284
215 284
216 284
217 284
218 284
261 284
262 284
267 284
268 284
274 284
275 284
276 284
277 284
278 284
279 284
280 284
281 284
285 285
286 286
287 287
288 288
215 289
216 289
226 289
227 289
228 289
229 289
237 289
238 289
239 289
240 289
274 289
275 289
278 289
279 289
285 289
286 289
287 289
288 289
289 289
290 289
291 289
292 289
293 289
294 289
295 289
296 289
297 289
298 289
299 289
300 289
301 289
302 289
303 289
304 289
305 289
306 289
215 290
216 290
226 290
227 290
228 290
229 290
237 290
238 290
239 290
240 290
274 290
275 290
278 290
279 290
285 290
286 290
287 290
288 290
289 290
290 290
291 290
292 290
293 290
294 290
295 290
296 290
297 290
298 290
299 290
300 290
301 290
302 290
303 290
304 290
305 290
306 290
215 291
216 291
226 291
227 291
228 291
229 291
274 291
275 291
278 291
279 291
285 291
286 291
287 291
288 291
289 291
290 291
291 291
292 291
293 291
294 291
295 291
215 292
216 292
226 292
227 292
228 292
229 292
274 292
275 292
278 292
279 292
285 292
286 292
287 292
288 292
289 292
290 292
291 292
292 292
293 292
294 292
295 292
215 293
216 293
226 293
227 293
228 293
229 293
274 293
275 293
278 293
279 293
285 293
286 293
287 293
288 293
289 293
290 293
291 293
292 293
215 294
216 294
226 294
227 294
228 294
229 294
274 294
275 294
278 294
279 294
285 294
286 294
287 294
288 294
289 294
290 294
291 294
292 294
215 295
216 295
226 295
227 295
228 295
229 295
274 295
275 295
278 295
279 295
285 295
286 295
287 295
288 295
289 295
290 295
291 295
292 295
296 296
297 297
298 298
299 299
226 300
227 300
237 300
238 300
239 300
240 300
248 300
249 300
250 300
251 300
285 300
286 300
289 300
290 300
296 300
297 300
298 300
299 300
300 300
301 300
302 300
303 300
304 300
305 300
306 300
307 300
308 300
309 300
310 300
311 300
312 300
313 300
314 300
315 300
316 300
317 300
226 301
227 301
237 301
238 301
239 301
240 301
248 301
249 301
250 301
251 301
285 301
286 301
289 301
290 301
296 301
297 301
298 301
299 301
300 301
301 301
302 301
303 301
304 301
305 301
306 301
307 301
308 301
309 301
310 301
311 301
312 301
313 301
314 301
315 301
316 301
317 301
226 302
227 302
237 302
238 302
239 302
240 302
285 302
286 302
289 302
290 302
296 302
297 302
298 302
299 302
300 302
301 302
302 302
303 302
304 302
305 302
306 302
226 303
227 303
237 303
238 303
239 303
240 303
285 303
286 303
289 303
290 303
296 303
297 303
298 303
299 303
300 303
301 303
302 303
303 303
304 303
305 303
306 303
226 304
227 304
237 304
238 304
239 304
240 304
285 304
286 304
289 304
290 304
296 304
297 304
298 304
299 304
300 304
301 304
302 304
303 304
226 305
227 305
237 305
238 305
239 305
240 305
285 305
286 305
289 305
290 305
296 305
297 305
298 305
299 305
300 305
301 305
302 305
303 305
226 306
227 306
237 306
238 306
239 306
240 306
285 306
286 306
289 306
290 306
296 306
297 306
298 306
299 306
300 306
301 306
302 306
303 306
307 307
308 308
309 309
310 310
311 311
312 312
237 313
238 313
248 313
249 313
250 313
251 313
296 313
297 313
300 313
301 313
307 313
308 313
309 313
310 313
311 313
312 313
313 313
314 313
315 313
316 313
317 313
237 314
238 314
248 314
249 314
250 314
251 314
296 314
297 314
300 314
301 314
307 314
308 314
309 314
310 314
311 314
312 314
313 314
314 314
315 314
316 314
317 314
237 315
238 315
248 315
249 315
250 315
251 315
296 315
297 315
300 315
301 315
307 315
308 315
309 315
310 315
311 315
312 315
313 315
314 315
237 316
238 316
248 316
249 316
250 316
251 316
296 316
297 316
300 316
301 316
307 316
308 316
309 316
310 316
311 316
312 316
313 316
314 316
237 317
238 317
248 317
249 317
250 317
251 317
296 317
297 317
300 317
301 317
307 317
308 317
309 317
310 317
311 317
312 317
313 317
314 317
