961 4681
1 1
2 1
32 1
1 2
2 2
3 2
33 2
2 3
3 3
4 3
34 3
3 4
4 4
5 4
35 4
4 5
5 5
6 5
36 5
5 6
6 6
7 6
37 6
6 7
7 7
8 7
38 7
7 8
8 8
9 8
39 8
8 9
9 9
10 9
40 9
9 10
10 10
11 10
41 10
10 11
11 11
12 11
42 11
11 12
12 12
13 12
43 12
12 13
13 13
14 13
44 13
13 14
14 14
15 14
45 14
14 15
15 15
16 15
46 15
15 16
16 16
17 16
47 16
16 17
17 17
18 17
48 17
17 18
18 18
19 18
49 18
18 19
19 19
20 19
50 19
19 20
20 20
21 20
51 20
20 21
21 21
22 21
52 21
21 22
22 22
23 22
53 22
22 23
23 23
24 23
54 23
23 24
24 24
25 24
55 24
24 25
25 25
26 25
56 25
25 26
26 26
27 26
57 26
26 27
27 27
28 27
58 27
27 28
28 28
29 28
59 28
28 29
29 29
30 29
60 29
29 30
30 30
31 30
61 30
30 31
31 31
62 31
1 32
32 32
33 32
63 32
32 33
2 33
33 33
34 33
64 33
33 34
3 34
34 34
35 34
65 34
34 35
4 35
35 35
36 35
66 35
35 36
5 36
36 36
37 36
67 36
36 37
6 37
37 37
38 37
68 37
37 38
7 38
38 38
39 38
69 38
38 39
8 39
39 39
40 39
70 39
39 40
9 40
40 40
41 40
71 40
40 41
10 41
41 41
42 41
72 41
41 42
11 42
42 42
43 42
73 42
42 43
12 43
43 43
44 43
74 43
43 44
13 44
44 44
45 44
75 44
44 45
14 45
45 45
46 45
76 45
45 46
15 46
46 46
47 46
77 46
46 47
16 47
47 47
48 47
78 47
47 48
17 48
48 48
49 48
79 48
48 49
18 49
49 49
50 49
80 49
49 50
19 50
50 50
51 50
81 50
50 51
20 51
51 51
52 51
82 51
51 52
21 52
52 52
53 52
83 52
52 53
22 53
53 53
54 53
84 53
53 54
23 54
54 54
55 54
85 54
54 55
24 55
55 55
56 55
86 55
55 56
25 56
56 56
57 56
87 56
56 57
26 57
57 57
58 57
88 57
57 58
27 58
58 58
59 58
89 58
58 59
28 59
59 59
60 59
90 59
59 60
29 60
60 60
61 60
91 60
60 61
30 61
61 61
62 61
92 61
61 62
31 62
62 62
93 62
32 63
63 63
64 63
94 63
63 64
33 64
64 64
65 64
95 64
64 65
34 65
65 65
66 65
96 65
65 66
35 66
66 66
67 66
97 66
66 67
36 67
67 67
68 67
98 67
67 68
37 68
68 68
69 68
99 68
68 69
38 69
69 69
70 69
100 69
69 70
39 70
70 70
71 70
101 70
70 71
40 71
71 71
72 71
102 71
71 72
41 72
72 72
73 72
103 72
72 73
42 73
73 73
74 73
104 73
73 74
43 74
74 74
75 74
105 74
74 75
44 75
75 75
76 75
106 75
75 76
45 76
76 76
77 76
107 76
76 77
46 77
77 77
78 77
108 77
77 78
47 78
78 78
79 78
109 78
78 79
48 79
79 79
80 79
110 79
79 80
49 80
80 80
81 80
111 80
80 81
50 81
81 81
82 81
112 81
81 82
51 82
82 82
83 82
113 82
82 83
52 83
83 83
84 83
114 83
83 84
53 84
84 84
85 84
115 84
84 85
54 85
85 85
86 85
116 85
85 86
55 86
86 86
87 86
117 86
86 87
56 87
87 87
88 87
118 87
87 88
57 88
88 88
89 88
119 88
88 89
58 89
89 89
90 89
120 89
89 90
59 90
90 90
91 90
121 90
90 91
60 91
91 91
92 91
122 91
91 92
61 92
92 92
93 92
123 92
92 93
62 93
93 93
124 93
63 94
94 94
95 94
125 94
94 95
64 95
95 95
96 95
126 95
95 96
65 96
96 96
97 96
127 96
96 97
66 97
97 97
98 97
128 97
97 98
67 98
98 98
99 98
129 98
98 99
68 99
99 99
100 99
130 99
99 100
69 100
100 100
101 100
131 100
100 101
70 101
101 101
102 101
132 101
101 102
71 102
102 102
103 102
133 102
102 103
72 103
103 103
104 103
134 103
103 104
73 104
104 104
105 104
135 104
104 105
74 105
105 105
106 105
136 105
105 106
75 106
106 106
107 106
137 106
106 107
76 107
107 107
108 107
138 107
107 108
77 108
108 108
109 108
139 108
108 109
78 109
109 109
110 109
140 109
109 110
79 110
110 110
111 110
141 110
110 111
80 111
111 111
112 111
142 111
111 112
81 112
112 112
113 112
143 112
112 113
82 113
113 113
114 113
144 113
113 114
83 114
114 114
115 114
145 114
114 115
84 115
115 115
116 115
146 115
115 116
85 116
116 116
117 116
147 116
116 117
86 117
117 117
118 117
148 117
117 118
87 118
118 118
119 118
149 118
118 119
88 119
119 119
120 119
150 119
119 120
89 120
120 120
121 120
151 120
120 121
90 121
121 121
122 121
152 121
121 122
91 122
122 122
123 122
153 122
122 123
92 123
123 123
124 123
154 123
123 124
93 124
124 124
155 124
94 125
125 125
126 125
156 125
125 126
95 126
126 126
127 126
157 126
126 127
96 127
127 127
128 127
158 127
127 128
97 128
128 128
129 128
159 128
128 129
98 129
129 129
130 129
160 129
129 130
99 130
130 130
131 130
161 130
130 131
100 131
131 131
132 131
162 131
131 132
101 132
132 132
133 132
163 132
132 133
102 133
133 133
134 133
164 133
133 134
103 134
134 134
135 134
165 134
134 135
104 135
135 135
136 135
166 135
135 136
105 136
136 136
137 136
167 136
136 137
106 137
137 137
138 137
168 137
137 138
107 138
138 138
139 138
169 138
138 139
108 139
139 139
140 139
170 139
139 140
109 140
140 140
141 140
171 140
140 141
110 141
141 141
142 141
172 141
141 142
111 142
142 142
143 142
173 142
142 143
112 143
143 143
144 143
174 143
143 144
113 144
144 144
145 144
175 144
144 145
114 145
145 145
146 145
176 145
145 146
115 146
146 146
147 146
177 146
146 147
116 147
147 147
148 147
178 147
147 148
117 148
148 148
149 148
179 148
148 149
118 149
149 149
150 149
180 149
149 150
119 150
150 150
151 150
181 150
150 151
120 151
151 151
152 151
182 151
151 152
121 152
152 152
153 152
183 152
152 153
122 153
153 153
154 153
184 153
153 154
123 154
154 154
155 154
185 154
154 155
124 155
155 155
186 155
125 156
156 156
157 156
187 156
156 157
126 157
157 157
158 157
188 157
157 158
127 158
158 158
159 158
189 158
158 159
128 159
159 159
160 159
190 159
159 160
129 160
160 160
161 160
191 160
160 161
130 161
161 161
162 161
192 161
161 162
131 162
162 162
163 162
193 162
162 163
132 163
163 163
164 163
194 163
163 164
133 164
164 164
165 164
195 164
164 165
134 165
165 165
166 165
196 165
165 166
135 166
166 166
167 166
197 166
166 167
136 167
167 167
168 167
198 167
167 168
137 168
168 168
169 168
199 168
168 169
138 169
169 169
170 169
200 169
169 170
139 170
170 170
171 170
201 170
170 171
140 171
171 171
172 171
202 171
171 172
141 172
172 172
173 172
203 172
172 173
142 173
173 173
174 173
204 173
173 174
143 174
174 174
175 174
205 174
174 175
144 175
175 175
176 175
206 175
175 176
145 176
176 176
177 176
207 176
176 177
146 177
177 177
178 177
208 177
177 178
147 178
178 178
179 178
209 178
178 179
148 179
179 179
180 179
210 179
179 180
149 180
180 180
181 180
211 180
180 181
150 181
181 181
182 181
212 181
181 182
151 182
182 182
183 182
213 182
182 183
152 183
183 183
184 183
214 183
183 184
153 184
184 184
185 184
215 184
184 185
154 185
185 185
186 185
216 185
185 186
155 186
186 186
217 186
156 187
187 187
188 187
218 187
187 188
157 188
188 188
189 188
219 188
188 189
158 189
189 189
190 189
220 189
189 190
159 190
190 190
191 190
221 190
190 191
160 191
191 191
192 191
222 191
191 192
161 192
192 192
193 192
223 192
192 193
162 193
193 193
194 193
224 193
193 194
163 194
194 194
195 194
225 194
194 195
164 195
195 195
196 195
226 195
195 196
165 196
196 196
197 196
227 196
196 197
166 197
197 197
198 197
228 197
197 198
167 198
198 198
199 198
229 198
198 199
168 199
199 199
200 199
230 199
199 200
169 200
200 200
201 200
231 200
200 201
170 201
201 201
202 201
232 201
201 202
171 202
202 202
203 202
233 202
202 203
172 203
203 203
204 203
234 203
203 204
173 204
204 204
205 204
235 204
204 205
174 205
205 205
206 205
236 205
205 206
175 206
206 206
207 206
237 206
206 207
176 207
207 207
208 207
238 207
207 208
177 208
208 208
209 208
239 208
208 209
178 209
209 209
210 209
240 209
209 210
179 210
210 210
211 210
241 210
210 211
180 211
211 211
212 211
242 211
211 212
181 212
212 212
213 212
243 212
212 213
182 213
213 213
214 213
244 213
213 214
183 214
214 214
215 214
245 214
214 215
184 215
215 215
216 215
246 215
215 216
185 216
216 216
217 216
247 216
216 217
186 217
217 217
248 217
187 218
218 218
219 218
249 218
218 219
188 219
219 219
220 219
250 219
219 220
189 220
220 220
221 220
251 220
220 221
190 221
221 221
222 221
252 221
221 222
191 222
222 222
223 222
253 222
222 223
192 223
223 223
224 223
254 223
223 224
193 224
224 224
225 224
255 224
224 225
194 225
225 225
226 225
256 225
225 226
195 226
226 226
227 226
257 226
226 227
196 227
227 227
228 227
258 227
227 228
197 228
228 228
229 228
259 228
228 229
198 229
229 229
230 229
260 229
229 230
199 230
230 230
231 230
261 230
230 231
200 231
231 231
232 231
262 231
231 232
201 232
232 232
233 232
263 232
232 233
202 233
233 233
234 233
264 233
233 234
203 234
234 234
235 234
265 234
234 235
204 235
235 235
236 235
266 235
235 236
205 236
236 236
237 236
267 236
236 237
206 237
237 237
238 237
268 237
237 238
207 238
238 238
239 238
269 238
238 239
208 239
239 239
240 239
270 239
239 240
209 240
240 240
241 240
271 240
240 241
210 241
241 241
242 241
272 241
241 242
211 242
242 242
243 242
273 242
242 243
212 243
243 243
244 243
274 243
243 244
213 244
244 244
245 244
275 244
244 245
214 245
245 245
246 245
276 245
245 246
215 246
246 246
247 246
277 246
246 247
216 247
247 247
248 247
278 247
247 248
217 248
248 248
279 248
218 249
249 249
250 249
280 249
249 250
219 250
250 250
251 250
281 250
250 251
220 251
251 251
252 251
282 251
251 252
221 252
252 252
253 252
283 252
252 253
222 253
253 253
254 253
284 253
253 254
223 254
254 254
255 254
285 254
254 255
224 255
255 255
256 255
286 255
255 256
225 256
256 256
257 256
287 256
256 257
226 257
257 257
258 257
288 257
257 258
227 258
258 258
259 258
289 258
258 259
228 259
259 259
260 259
290 259
259 260
229 260
260 260
261 260
291 260
260 261
230 261
261 261
262 261
292 261
261 262
231 262
262 262
263 262
293 262
262 263
232 263
263 263
264 263
294 263
263 264
233 264
264 264
265 264
295 264
264 265
234 265
265 265
266 265
296 265
265 266
235 266
266 266
267 266
297 266
266 267
236 267
267 267
268 267
298 267
267 268
237 268
268 268
269 268
299 268
268 269
238 269
269 269
270 269
300 269
269 270
239 270
270 270
271 270
301 270
270 271
240 271
271 271
272 271
302 271
271 272
241 272
272 272
273 272
303 272
272 273
242 273
273 273
274 273
304 273
273 274
243 274
274 274
275 274
305 274
274 275
244 275
275 275
276 275
306 275
275 276
245 276
276 276
277 276
307 276
276 277
246 277
277 277
278 277
308 277
277 278
247 278
278 278
279 278
309 278
278 279
248 279
279 279
310 279
249 280
280 280
281 280
311 280
280 281
250 281
281 281
282 281
312 281
281 282
251 282
282 282
283 282
313 282
282 283
252 283
283 283
284 283
314 283
283 284
253 284
284 284
285 284
315 284
284 285
254 285
285 285
286 285
316 285
285 286
255 286
286 286
287 286
317 286
286 287
256 287
287 287
288 287
318 287
287 288
257 288
288 288
289 288
319 288
288 289
258 289
289 289
290 289
320 289
289 290
259 290
290 290
291 290
321 290
290 291
260 291
291 291
292 291
322 291
291 292
261 292
292 292
293 292
323 292
292 293
262 293
293 293
294 293
324 293
293 294
263 294
294 294
295 294
325 294
294 295
264 295
295 295
296 295
326 295
295 296
265 296
296 296
297 296
327 296
296 297
266 297
297 297
298 297
328 297
297 298
267 298
298 298
299 298
329 298
298 299
268 299
299 299
300 299
330 299
299 300
269 300
300 300
301 300
331 300
300 301
270 301
301 301
302 301
332 301
301 302
271 302
302 302
303 302
333 302
302 303
272 303
303 303
304 303
334 303
303 304
273 304
304 304
305 304
335 304
304 305
274 305
305 305
306 305
336 305
305 306
275 306
306 306
307 306
337 306
306 307
276 307
307 307
308 307
338 307
307 308
277 308
308 308
309 308
339 308
308 309
278 309
309 309
310 309
340 309
309 310
279 310
310 310
341 310
280 311
311 311
312 311
342 311
311 312
281 312
312 312
313 312
343 312
312 313
282 313
313 313
314 313
344 313
313 314
283 314
314 314
315 314
345 314
314 315
284 315
315 315
316 315
346 315
315 316
285 316
316 316
317 316
347 316
316 317
286 317
317 317
318 317
348 317
317 318
287 318
318 318
319 318
349 318
318 319
288 319
319 319
320 319
350 319
319 320
289 320
320 320
321 320
351 320
320 321
290 321
321 321
322 321
352 321
321 322
291 322
322 322
323 322
353 322
322 323
292 323
323 323
324 323
354 323
323 324
293 324
324 324
325 324
355 324
324 325
294 325
325 325
326 325
356 325
325 326
295 326
326 326
327 326
357 326
326 327
296 327
327 327
328 327
358 327
327 328
297 328
328 328
329 328
359 328
328 329
298 329
329 329
330 329
360 329
329 330
299 330
330 330
331 330
361 330
330 331
300 331
331 331
332 331
362 331
331 332
301 332
332 332
333 332
363 332
332 333
302 333
333 333
334 333
364 333
333 334
303 334
334 334
335 334
365 334
334 335
304 335
335 335
336 335
366 335
335 336
305 336
336 336
337 336
367 336
336 337
306 337
337 337
338 337
368 337
337 338
307 338
338 338
339 338
369 338
338 339
308 339
339 339
340 339
370 339
339 340
309 340
340 340
341 340
371 340
340 341
310 341
341 341
372 341
311 342
342 342
343 342
373 342
342 343
312 343
343 343
344 343
374 343
343 344
313 344
344 344
345 344
375 344
344 345
314 345
345 345
346 345
376 345
345 346
315 346
346 346
347 346
377 346
346 347
316 347
347 347
348 347
378 347
347 348
317 348
348 348
349 348
379 348
348 349
318 349
349 349
350 349
380 349
349 350
319 350
350 350
351 350
381 350
350 351
320 351
351 351
352 351
382 351
351 352
321 352
352 352
353 352
383 352
352 353
322 353
353 353
354 353
384 353
353 354
323 354
354 354
355 354
385 354
354 355
324 355
355 355
356 355
386 355
355 356
325 356
356 356
357 356
387 356
356 357
326 357
357 357
358 357
388 357
357 358
327 358
358 358
359 358
389 358
358 359
328 359
359 359
360 359
390 359
359 360
329 360
360 360
361 360
391 360
360 361
330 361
361 361
362 361
392 361
361 362
331 362
362 362
363 362
393 362
362 363
332 363
363 363
364 363
394 363
363 364
333 364
364 364
365 364
395 364
364 365
334 365
365 365
366 365
396 365
365 366
335 366
366 366
367 366
397 366
366 367
336 367
367 367
368 367
398 367
367 368
337 368
368 368
369 368
399 368
368 369
338 369
369 369
370 369
400 369
369 370
339 370
370 370
371 370
401 370
370 371
340 371
371 371
372 371
402 371
371 372
341 372
372 372
403 372
342 373
373 373
374 373
404 373
373 374
343 374
374 374
375 374
405 374
374 375
344 375
375 375
376 375
406 375
375 376
345 376
376 376
377 376
407 376
376 377
346 377
377 377
378 377
408 377
377 378
347 378
378 378
379 378
409 378
378 379
348 379
379 379
380 379
410 379
379 380
349 380
380 380
381 380
411 380
380 381
350 381
381 381
382 381
412 381
381 382
351 382
382 382
383 382
413 382
382 383
352 383
383 383
384 383
414 383
383 384
353 384
384 384
385 384
415 384
384 385
354 385
385 385
386 385
416 385
385 386
355 386
386 386
387 386
417 386
386 387
356 387
387 387
388 387
418 387
387 388
357 388
388 388
389 388
419 388
388 389
358 389
389 389
390 389
420 389
389 390
359 390
390 390
391 390
421 390
390 391
360 391
391 391
392 391
422 391
391 392
361 392
392 392
393 392
423 392
392 393
362 393
393 393
394 393
424 393
393 394
363 394
394 394
395 394
425 394
394 395
364 395
395 395
396 395
426 395
395 396
365 396
396 396
397 396
427 396
396 397
366 397
397 397
398 397
428 397
397 398
367 398
398 398
399 398
429 398
398 399
368 399
399 399
400 399
430 399
399 400
369 400
400 400
401 400
431 400
400 401
370 401
401 401
402 401
432 401
401 402
371 402
402 402
403 402
433 402
402 403
372 403
403 403
434 403
373 404
404 404
405 404
435 404
404 405
374 405
405 405
406 405
436 405
405 406
375 406
406 406
407 406
437 406
406 407
376 407
407 407
408 407
438 407
407 408
377 408
408 408
409 408
439 408
408 409
378 409
409 409
410 409
440 409
409 410
379 410
410 410
411 410
441 410
410 411
380 411
411 411
412 411
442 411
411 412
381 412
412 412
413 412
443 412
412 413
382 413
413 413
414 413
444 413
413 414
383 414
414 414
415 414
445 414
414 415
384 415
415 415
416 415
446 415
415 416
385 416
416 416
417 416
447 416
416 417
386 417
417 417
418 417
448 417
417 418
387 418
418 418
419 418
449 418
418 419
388 419
419 419
420 419
450 419
419 420
389 420
420 420
421 420
451 420
420 421
390 421
421 421
422 421
452 421
421 422
391 422
422 422
423 422
453 422
422 423
392 423
423 423
424 423
454 423
423 424
393 424
424 424
425 424
455 424
424 425
394 425
425 425
426 425
456 425
425 426
395 426
426 426
427 426
457 426
426 427
396 427
427 427
428 427
458 427
427 428
397 428
428 428
429 428
459 428
428 429
398 429
429 429
430 429
460 429
429 430
399 430
430 430
431 430
461 430
430 431
400 431
431 431
432 431
462 431
431 432
401 432
432 432
433 432
463 432
432 433
402 433
433 433
434 433
464 433
433 434
403 434
434 434
465 434
404 435
435 435
436 435
466 435
435 436
405 436
436 436
437 436
467 436
436 437
406 437
437 437
438 437
468 437
437 438
407 438
438 438
439 438
469 438
438 439
408 439
439 439
440 439
470 439
439 440
409 440
440 440
441 440
471 440
440 441
410 441
441 441
442 441
472 441
441 442
411 442
442 442
443 442
473 442
442 443
412 443
443 443
444 443
474 443
443 444
413 444
444 444
445 444
475 444
444 445
414 445
445 445
446 445
476 445
445 446
415 446
446 446
447 446
477 446
446 447
416 447
447 447
448 447
478 447
447 448
417 448
448 448
449 448
479 448
448 449
418 449
449 449
450 449
480 449
449 450
419 450
450 450
451 450
481 450
450 451
420 451
451 451
452 451
482 451
451 452
421 452
452 452
453 452
483 452
452 453
422 453
453 453
454 453
484 453
453 454
423 454
454 454
455 454
485 454
454 455
424 455
455 455
456 455
486 455
455 456
425 456
456 456
457 456
487 456
456 457
426 457
457 457
458 457
488 457
457 458
427 458
458 458
459 458
489 458
458 459
428 459
459 459
460 459
490 459
459 460
429 460
460 460
461 460
491 460
460 461
430 461
461 461
462 461
492 461
461 462
431 462
462 462
463 462
493 462
462 463
432 463
463 463
464 463
494 463
463 464
433 464
464 464
465 464
495 464
464 465
434 465
465 465
496 465
435 466
466 466
467 466
497 466
466 467
436 467
467 467
468 467
498 467
467 468
437 468
468 468
469 468
499 468
468 469
438 469
469 469
470 469
500 469
469 470
439 470
470 470
471 470
501 470
470 471
440 471
471 471
472 471
502 471
471 472
441 472
472 472
473 472
503 472
472 473
442 473
473 473
474 473
504 473
473 474
443 474
474 474
475 474
505 474
474 475
444 475
475 475
476 475
506 475
475 476
445 476
476 476
477 476
507 476
476 477
446 477
477 477
478 477
508 477
477 478
447 478
478 478
479 478
509 478
478 479
448 479
479 479
480 479
510 479
479 480
449 480
480 480
481 480
511 480
480 481
450 481
481 481
482 481
512 481
481 482
451 482
482 482
483 482
513 482
482 483
452 483
483 483
484 483
514 483
483 484
453 484
484 484
485 484
515 484
484 485
454 485
485 485
486 485
516 485
485 486
455 486
486 486
487 486
517 486
486 487
456 487
487 487
488 487
518 487
487 488
457 488
488 488
489 488
519 488
488 489
458 489
489 489
490 489
520 489
489 490
459 490
490 490
491 490
521 490
490 491
460 491
491 491
492 491
522 491
491 492
461 492
492 492
493 492
523 492
492 493
462 493
493 493
494 493
524 493
493 494
463 494
494 494
495 494
525 494
494 495
464 495
495 495
496 495
526 495
495 496
465 496
496 496
527 496
466 497
497 497
498 497
528 497
497 498
467 498
498 498
499 498
529 498
498 499
468 499
499 499
500 499
530 499
499 500
469 500
500 500
501 500
531 500
500 501
470 501
501 501
502 501
532 501
501 502
471 502
502 502
503 502
533 502
502 503
472 503
503 503
504 503
534 503
503 504
473 504
504 504
505 504
535 504
504 505
474 505
505 505
506 505
536 505
505 506
475 506
506 506
507 506
537 506
506 507
476 507
507 507
508 507
538 507
507 508
477 508
508 508
509 508
539 508
508 509
478 509
509 509
510 509
540 509
509 510
479 510
510 510
511 510
541 510
510 511
480 511
511 511
512 511
542 511
511 512
481 512
512 512
513 512
543 512
512 513
482 513
513 513
514 513
544 513
513 514
483 514
514 514
515 514
545 514
514 515
484 515
515 515
516 515
546 515
515 516
485 516
516 516
517 516
547 516
516 517
486 517
517 517
518 517
548 517
517 518
487 518
518 518
519 518
549 518
518 519
488 519
519 519
520 519
550 519
519 520
489 520
520 520
521 520
551 520
520 521
490 521
521 521
522 521
552 521
521 522
491 522
522 522
523 522
553 522
522 523
492 523
523 523
524 523
554 523
523 524
493 524
524 524
525 524
555 524
524 525
494 525
525 525
526 525
556 525
525 526
495 526
526 526
527 526
557 526
526 527
496 527
527 527
558 527
497 528
528 528
529 528
559 528
528 529
498 529
529 529
530 529
560 529
529 530
499 530
530 530
531 530
561 530
530 531
500 531
531 531
532 531
562 531
531 532
501 532
532 532
533 532
563 532
532 533
502 533
533 533
534 533
564 533
533 534
503 534
534 534
535 534
565 534
534 535
504 535
535 535
536 535
566 535
535 536
505 536
536 536
537 536
567 536
536 537
506 537
537 537
538 537
568 537
537 538
507 538
538 538
539 538
569 538
538 539
508 539
539 539
540 539
570 539
539 540
509 540
540 540
541 540
571 540
540 541
510 541
541 541
542 541
572 541
541 542
511 542
542 542
543 542
573 542
542 543
512 543
543 543
544 543
574 543
543 544
513 544
544 544
545 544
575 544
544 545
514 545
545 545
546 545
576 545
545 546
515 546
546 546
547 546
577 546
546 547
516 547
547 547
548 547
578 547
547 548
517 548
548 548
549 548
579 548
548 549
518 549
549 549
550 549
580 549
549 550
519 550
550 550
551 550
581 550
550 551
520 551
551 551
552 551
582 551
551 552
521 552
552 552
553 552
583 552
552 553
522 553
553 553
554 553
584 553
553 554
523 554
554 554
555 554
585 554
554 555
524 555
555 555
556 555
586 555
555 556
525 556
556 556
557 556
587 556
556 557
526 557
557 557
558 557
588 557
557 558
527 558
558 558
589 558
528 559
559 559
560 559
590 559
559 560
529 560
560 560
561 560
591 560
560 561
530 561
561 561
562 561
592 561
561 562
531 562
562 562
563 562
593 562
562 563
532 563
563 563
564 563
594 563
563 564
533 564
564 564
565 564
595 564
564 565
534 565
565 565
566 565
596 565
565 566
535 566
566 566
567 566
597 566
566 567
536 567
567 567
568 567
598 567
567 568
537 568
568 568
569 568
599 568
568 569
538 569
569 569
570 569
600 569
569 570
539 570
570 570
571 570
601 570
570 571
540 571
571 571
572 571
602 571
571 572
541 572
572 572
573 572
603 572
572 573
542 573
573 573
574 573
604 573
573 574
543 574
574 574
575 574
605 574
574 575
544 575
575 575
576 575
606 575
575 576
545 576
576 576
577 576
607 576
576 577
546 577
577 577
578 577
608 577
577 578
547 578
578 578
579 578
609 578
578 579
548 579
579 579
580 579
610 579
579 580
549 580
580 580
581 580
611 580
580 581
550 581
581 581
582 581
612 581
581 582
551 582
582 582
583 582
613 582
582 583
552 583
583 583
584 583
614 583
583 584
553 584
584 584
585 584
615 584
584 585
554 585
585 585
586 585
616 585
585 586
555 586
586 586
587 586
617 586
586 587
556 587
587 587
588 587
618 587
587 588
557 588
588 588
589 588
619 588
588 589
558 589
589 589
620 589
559 590
590 590
591 590
621 590
590 591
560 591
591 591
592 591
622 591
591 592
561 592
592 592
593 592
623 592
592 593
562 593
593 593
594 593
624 593
593 594
563 594
594 594
595 594
625 594
594 595
564 595
595 595
596 595
626 595
595 596
565 596
596 596
597 596
627 596
596 597
566 597
597 597
598 597
628 597
597 598
567 598
598 598
599 598
629 598
598 599
568 599
599 599
600 599
630 599
599 600
569 600
600 600
601 600
631 600
600 601
570 601
601 601
602 601
632 601
601 602
571 602
602 602
603 602
633 602
602 603
572 603
603 603
604 603
634 603
603 604
573 604
604 604
605 604
635 604
604 605
574 605
605 605
606 605
636 605
605 606
575 606
606 606
607 606
637 606
606 607
576 607
607 607
608 607
638 607
607 608
577 608
608 608
609 608
639 608
608 609
578 609
609 609
610 609
640 609
609 610
579 610
610 610
611 610
641 610
610 611
580 611
611 611
612 611
642 611
611 612
581 612
612 612
613 612
643 612
612 613
582 613
613 613
614 613
644 613
613 614
583 614
614 614
615 614
645 614
614 615
584 615
615 615
616 615
646 615
615 616
585 616
616 616
617 616
647 616
616 617
586 617
617 617
618 617
648 617
617 618
587 618
618 618
619 618
649 618
618 619
588 619
619 619
620 619
650 619
619 620
589 620
620 620
651 620
590 621
621 621
622 621
652 621
621 622
591 622
622 622
623 622
653 622
622 623
592 623
623 623
624 623
654 623
623 624
593 624
624 624
625 624
655 624
624 625
594 625
625 625
626 625
656 625
625 626
595 626
626 626
627 626
657 626
626 627
596 627
627 627
628 627
658 627
627 628
597 628
628 628
629 628
659 628
628 629
598 629
629 629
630 629
660 629
629 630
599 630
630 630
631 630
661 630
630 631
600 631
631 631
632 631
662 631
631 632
601 632
632 632
633 632
663 632
632 633
602 633
633 633
634 633
664 633
633 634
603 634
634 634
635 634
665 634
634 635
604 635
635 635
636 635
666 635
635 636
605 636
636 636
637 636
667 636
636 637
606 637
637 637
638 637
668 637
637 638
607 638
638 638
639 638
669 638
638 639
608 639
639 639
640 639
670 639
639 640
609 640
640 640
641 640
671 640
640 641
610 641
641 641
642 641
672 641
641 642
611 642
642 642
643 642
673 642
642 643
612 643
643 643
644 643
674 643
643 644
613 644
644 644
645 644
675 644
644 645
614 645
645 645
646 645
676 645
645 646
615 646
646 646
647 646
677 646
646 647
616 647
647 647
648 647
678 647
647 648
617 648
648 648
649 648
679 648
648 649
618 649
649 649
650 649
680 649
649 650
619 650
650 650
651 650
681 650
650 651
620 651
651 651
682 651
621 652
652 652
653 652
683 652
652 653
622 653
653 653
654 653
684 653
653 654
623 654
654 654
655 654
685 654
654 655
624 655
655 655
656 655
686 655
655 656
625 656
656 656
657 656
687 656
656 657
626 657
657 657
658 657
688 657
657 658
627 658
658 658
659 658
689 658
658 659
628 659
659 659
660 659
690 659
659 660
629 660
660 660
661 660
691 660
660 661
630 661
661 661
662 661
692 661
661 662
631 662
662 662
663 662
693 662
662 663
632 663
663 663
664 663
694 663
663 664
633 664
664 664
665 664
695 664
664 665
634 665
665 665
666 665
696 665
665 666
635 666
666 666
667 666
697 666
666 667
636 667
667 667
668 667
698 667
667 668
637 668
668 668
669 668
699 668
668 669
638 669
669 669
670 669
700 669
669 670
639 670
670 670
671 670
701 670
670 671
640 671
671 671
672 671
702 671
671 672
641 672
672 672
673 672
703 672
672 673
642 673
673 673
674 673
704 673
673 674
643 674
674 674
675 674
705 674
674 675
644 675
675 675
676 675
706 675
675 676
645 676
676 676
677 676
707 676
676 677
646 677
677 677
678 677
708 677
677 678
647 678
678 678
679 678
709 678
678 679
648 679
679 679
680 679
710 679
679 680
649 680
680 680
681 680
711 680
680 681
650 681
681 681
682 681
712 681
681 682
651 682
682 682
713 682
652 683
683 683
684 683
714 683
683 684
653 684
684 684
685 684
715 684
684 685
654 685
685 685
686 685
716 685
685 686
655 686
686 686
687 686
717 686
686 687
656 687
687 687
688 687
718 687
687 688
657 688
688 688
689 688
719 688
688 689
658 689
689 689
690 689
720 689
689 690
659 690
690 690
691 690
721 690
690 691
660 691
691 691
692 691
722 691
691 692
661 692
692 692
693 692
723 692
692 693
662 693
693 693
694 693
724 693
693 694
663 694
694 694
695 694
725 694
694 695
664 695
695 695
696 695
726 695
695 696
665 696
696 696
697 696
727 696
696 697
666 697
697 697
698 697
728 697
697 698
667 698
698 698
699 698
729 698
698 699
668 699
699 699
700 699
730 699
699 700
669 700
700 700
701 700
731 700
700 701
670 701
701 701
702 701
732 701
701 702
671 702
702 702
703 702
733 702
702 703
672 703
703 703
704 703
734 703
703 704
673 704
704 704
705 704
735 704
704 705
674 705
705 705
706 705
736 705
705 706
675 706
706 706
707 706
737 706
706 707
676 707
707 707
708 707
738 707
707 708
677 708
708 708
709 708
739 708
708 709
678 709
709 709
710 709
740 709
709 710
679 710
710 710
711 710
741 710
710 711
680 711
711 711
712 711
742 711
711 712
681 712
712 712
713 712
743 712
712 713
682 713
713 713
744 713
683 714
714 714
715 714
745 714
714 715
684 715
715 715
716 715
746 715
715 716
685 716
716 716
717 716
747 716
716 717
686 717
717 717
718 717
748 717
717 718
687 718
718 718
719 718
749 718
718 719
688 719
719 719
720 719
750 719
719 720
689 720
720 720
721 720
751 720
720 721
690 721
721 721
722 721
752 721
721 722
691 722
722 722
723 722
753 722
722 723
692 723
723 723
724 723
754 723
723 724
693 724
724 724
725 724
755 724
724 725
694 725
725 725
726 725
756 725
725 726
695 726
726 726
727 726
757 726
726 727
696 727
727 727
728 727
758 727
727 728
697 728
728 728
729 728
759 728
728 729
698 729
729 729
730 729
760 729
729 730
699 730
730 730
731 730
761 730
730 731
700 731
731 731
732 731
762 731
731 732
701 732
732 732
733 732
763 732
732 733
702 733
733 733
734 733
764 733
733 734
703 734
734 734
735 734
765 734
734 735
704 735
735 735
736 735
766 735
735 736
705 736
736 736
737 736
767 736
736 737
706 737
737 737
738 737
768 737
737 738
707 738
738 738
739 738
769 738
738 739
708 739
739 739
740 739
770 739
739 740
709 740
740 740
741 740
771 740
740 741
710 741
741 741
742 741
772 741
741 742
711 742
742 742
743 742
773 742
742 743
712 743
743 743
744 743
774 743
743 744
713 744
744 744
775 744
714 745
745 745
746 745
776 745
745 746
715 746
746 746
747 746
777 746
746 747
716 747
747 747
748 747
778 747
747 748
717 748
748 748
749 748
779 748
748 749
718 749
749 749
750 749
780 749
749 750
719 750
750 750
751 750
781 750
750 751
720 751
751 751
752 751
782 751
751 752
721 752
752 752
753 752
783 752
752 753
722 753
753 753
754 753
784 753
753 754
723 754
754 754
755 754
785 754
754 755
724 755
755 755
756 755
786 755
755 756
725 756
756 756
757 756
787 756
756 757
726 757
757 757
758 757
788 757
757 758
727 758
758 758
759 758
789 758
758 759
728 759
759 759
760 759
790 759
759 760
729 760
760 760
761 760
791 760
760 761
730 761
761 761
762 761
792 761
761 762
731 762
762 762
763 762
793 762
762 763
732 763
763 763
764 763
794 763
763 764
733 764
764 764
765 764
795 764
764 765
734 765
765 765
766 765
796 765
765 766
735 766
766 766
767 766
797 766
766 767
736 767
767 767
768 767
798 767
767 768
737 768
768 768
769 768
799 768
768 769
738 769
769 769
770 769
800 769
769 770
739 770
770 770
771 770
801 770
770 771
740 771
771 771
772 771
802 771
771 772
741 772
772 772
773 772
803 772
772 773
742 773
773 773
774 773
804 773
773 774
743 774
774 774
775 774
805 774
774 775
744 775
775 775
806 775
745 776
776 776
777 776
807 776
776 777
746 777
777 777
778 777
808 777
777 778
747 778
778 778
779 778
809 778
778 779
748 779
779 779
780 779
810 779
779 780
749 780
780 780
781 780
811 780
780 781
750 781
781 781
782 781
812 781
781 782
751 782
782 782
783 782
813 782
782 783
752 783
783 783
784 783
814 783
783 784
753 784
784 784
785 784
815 784
784 785
754 785
785 785
786 785
816 785
785 786
755 786
786 786
787 786
817 786
786 787
756 787
787 787
788 787
818 787
787 788
757 788
788 788
789 788
819 788
788 789
758 789
789 789
790 789
820 789
789 790
759 790
790 790
791 790
821 790
790 791
760 791
791 791
792 791
822 791
791 792
761 792
792 792
793 792
823 792
792 793
762 793
793 793
794 793
824 793
793 794
763 794
794 794
795 794
825 794
794 795
764 795
795 795
796 795
826 795
795 796
765 796
796 796
797 796
827 796
796 797
766 797
797 797
798 797
828 797
797 798
767 798
798 798
799 798
829 798
798 799
768 799
799 799
800 799
830 799
799 800
769 800
800 800
801 800
831 800
800 801
770 801
801 801
802 801
832 801
801 802
771 802
802 802
803 802
833 802
802 803
772 803
803 803
804 803
834 803
803 804
773 804
804 804
805 804
835 804
804 805
774 805
805 805
806 805
836 805
805 806
775 806
806 806
837 806
776 807
807 807
808 807
838 807
807 808
777 808
808 808
809 808
839 808
808 809
778 809
809 809
810 809
840 809
809 810
779 810
810 810
811 810
841 810
810 811
780 811
811 811
812 811
842 811
811 812
781 812
812 812
813 812
843 812
812 813
782 813
813 813
814 813
844 813
813 814
783 814
814 814
815 814
845 814
814 815
784 815
815 815
816 815
846 815
815 816
785 816
816 816
817 816
847 816
816 817
786 817
817 817
818 817
848 817
817 818
787 818
818 818
819 818
849 818
818 819
788 819
819 819
820 819
850 819
819 820
789 820
820 820
821 820
851 820
820 821
790 821
821 821
822 821
852 821
821 822
791 822
822 822
823 822
853 822
822 823
792 823
823 823
824 823
854 823
823 824
793 824
824 824
825 824
855 824
824 825
794 825
825 825
826 825
856 825
825 826
795 826
826 826
827 826
857 826
826 827
796 827
827 827
828 827
858 827
827 828
797 828
828 828
829 828
859 828
828 829
798 829
829 829
830 829
860 829
829 830
799 830
830 830
831 830
861 830
830 831
800 831
831 831
832 831
862 831
831 832
801 832
832 832
833 832
863 832
832 833
802 833
833 833
834 833
864 833
833 834
803 834
834 834
835 834
865 834
834 835
804 835
835 835
836 835
866 835
835 836
805 836
836 836
837 836
867 836
836 837
806 837
837 837
868 837
807 838
838 838
839 838
869 838
838 839
808 839
839 839
840 839
870 839
839 840
809 840
840 840
841 840
871 840
840 841
810 841
841 841
842 841
872 841
841 842
811 842
842 842
843 842
873 842
842 843
812 843
843 843
844 843
874 843
843 844
813 844
844 844
845 844
875 844
844 845
814 845
845 845
846 845
876 845
845 846
815 846
846 846
847 846
877 846
846 847
816 847
847 847
848 847
878 847
847 848
817 848
848 848
849 848
879 848
848 849
818 849
849 849
850 849
880 849
849 850
819 850
850 850
851 850
881 850
850 851
820 851
851 851
852 851
882 851
851 852
821 852
852 852
853 852
883 852
852 853
822 853
853 853
854 853
884 853
853 854
823 854
854 854
855 854
885 854
854 855
824 855
855 855
856 855
886 855
855 856
825 856
856 856
857 856
887 856
856 857
826 857
857 857
858 857
888 857
857 858
827 858
858 858
859 858
889 858
858 859
828 859
859 859
860 859
890 859
859 860
829 860
860 860
861 860
891 860
860 861
830 861
861 861
862 861
892 861
861 862
831 862
862 862
863 862
893 862
862 863
832 863
863 863
864 863
894 863
863 864
833 864
864 864
865 864
895 864
864 865
834 865
865 865
866 865
896 865
865 866
835 866
866 866
867 866
897 866
866 867
836 867
867 867
868 867
898 867
867 868
837 868
868 868
899 868
838 869
869 869
870 869
900 869
869 870
839 870
870 870
871 870
901 870
870 871
840 871
871 871
872 871
902 871
871 872
841 872
872 872
873 872
903 872
872 873
842 873
873 873
874 873
904 873
873 874
843 874
874 874
875 874
905 874
874 875
844 875
875 875
876 875
906 875
875 876
845 876
876 876
877 876
907 876
876 877
846 877
877 877
878 877
908 877
877 878
847 878
878 878
879 878
909 878
878 879
848 879
879 879
880 879
910 879
879 880
849 880
880 880
881 880
911 880
880 881
850 881
881 881
882 881
912 881
881 882
851 882
882 882
883 882
913 882
882 883
852 883
883 883
884 883
914 883
883 884
853 884
884 884
885 884
915 884
884 885
854 885
885 885
886 885
916 885
885 886
855 886
886 886
887 886
917 886
886 887
856 887
887 887
888 887
918 887
887 888
857 888
888 888
889 888
919 888
888 889
858 889
889 889
890 889
920 889
889 890
859 890
890 890
891 890
921 890
890 891
860 891
891 891
892 891
922 891
891 892
861 892
892 892
893 892
923 892
892 893
862 893
893 893
894 893
924 893
893 894
863 894
894 894
895 894
925 894
894 895
864 895
895 895
896 895
926 895
895 896
865 896
896 896
897 896
927 896
896 897
866 897
897 897
898 897
928 897
897 898
867 898
898 898
899 898
929 898
898 899
868 899
899 899
930 899
869 900
900 900
901 900
931 900
900 901
870 901
901 901
902 901
932 901
901 902
871 902
902 902
903 902
933 902
902 903
872 903
903 903
904 903
934 903
903 904
873 904
904 904
905 904
935 904
904 905
874 905
905 905
906 905
936 905
905 906
875 906
906 906
907 906
937 906
906 907
876 907
907 907
908 907
938 907
907 908
877 908
908 908
909 908
939 908
908 909
878 909
909 909
910 909
940 909
909 910
879 910
910 910
911 910
941 910
910 911
880 911
911 911
912 911
942 911
911 912
881 912
912 912
913 912
943 912
912 913
882 913
913 913
914 913
944 913
913 914
883 914
914 914
915 914
945 914
914 915
884 915
915 915
916 915
946 915
915 916
885 916
916 916
917 916
947 916
916 917
886 917
917 917
918 917
948 917
917 918
887 918
918 918
919 918
949 918
918 919
888 919
919 919
920 919
950 919
919 920
889 920
920 920
921 920
951 920
920 921
890 921
921 921
922 921
952 921
921 922
891 922
922 922
923 922
953 922
922 923
892 923
923 923
924 923
954 923
923 924
893 924
924 924
925 924
955 924
924 925
894 925
925 925
926 925
956 925
925 926
895 926
926 926
927 926
957 926
926 927
896 927
927 927
928 927
958 927
927 928
897 928
928 928
929 928
959 928
928 929
898 929
929 929
930 929
960 929
929 930
899 930
930 930
961 930
900 931
931 931
932 931
931 932
901 932
932 932
933 932
932 933
902 933
933 933
934 933
933 934
903 934
934 934
935 934
934 935
904 935
935 935
936 935
935 936
905 936
936 936
937 936
936 937
906 937
937 937
938 937
937 938
907 938
938 938
939 938
938 939
908 939
939 939
940 939
939 940
909 940
940 940
941 940
940 941
910 941
941 941
942 941
941 942
911 942
942 942
943 942
942 943
912 943
943 943
944 943
943 944
913 944
944 944
945 944
944 945
914 945
945 945
946 945
945 946
915 946
946 946
947 946
946 947
916 947
947 947
948 947
947 948
917 948
948 948
949 948
948 949
918 949
949 949
950 949
949 950
919 950
950 950
951 950
950 951
920 951
951 951
952 951
951 952
921 952
952 952
953 952
952 953
922 953
953 953
954 953
953 954
923 954
954 954
955 954
954 955
924 955
955 955
956 955
955 956
925 956
956 956
957 956
956 957
926 957
957 957
958 957
957 958
927 958
958 958
959 958
958 959
928 959
959 959
960 959
959 960
929 960
960 960
961 960
960 961
930 961
961 961
