400 2860
1 1
2 1
5 1
6 1
203 1
204 1
1 2
2 2
5 2
6 2
203 2
204 2
3 3
4 3
7 3
8 3
201 3
202 3
3 4
4 4
7 4
8 4
201 4
202 4
1 5
2 5
5 5
6 5
9 5
10 5
203 5
204 5
207 5
208 5
1 6
2 6
5 6
6 6
9 6
10 6
203 6
204 6
207 6
208 6
3 7
4 7
7 7
8 7
11 7
12 7
201 7
202 7
205 7
206 7
3 8
4 8
7 8
8 8
11 8
12 8
201 8
202 8
205 8
206 8
5 9
6 9
9 9
10 9
13 9
14 9
207 9
208 9
211 9
212 9
5 10
6 10
9 10
10 10
13 10
14 10
207 10
208 10
211 10
212 10
7 11
8 11
11 11
12 11
15 11
16 11
205 11
206 11
209 11
210 11
7 12
8 12
11 12
12 12
15 12
16 12
205 12
206 12
209 12
210 12
9 13
10 13
13 13
14 13
17 13
18 13
211 13
212 13
215 13
216 13
9 14
10 14
13 14
14 14
17 14
18 14
211 14
212 14
215 14
216 14
11 15
12 15
15 15
16 15
19 15
20 15
209 15
210 15
213 15
214 15
11 16
12 16
15 16
16 16
19 16
20 16
209 16
210 16
213 16
214 16
13 17
14 17
17 17
18 17
21 17
22 17
215 17
216 17
219 17
220 17
13 18
14 18
17 18
18 18
21 18
22 18
215 18
216 18
219 18
220 18
15 19
16 19
19 19
20 19
23 19
24 19
213 19
214 19
217 19
218 19
15 20
16 20
19 20
20 20
23 20
24 20
213 20
214 20
217 20
218 20
17 21
18 21
21 21
22 21
25 21
26 21
219 21
220 21
223 21
224 21
17 22
18 22
21 22
22 22
25 22
26 22
219 22
220 22
223 22
224 22
19 23
20 23
23 23
24 23
27 23
28 23
217 23
218 23
221 23
222 23
19 24
20 24
23 24
24 24
27 24
28 24
217 24
218 24
221 24
222 24
21 25
22 25
25 25
26 25
29 25
30 25
223 25
224 25
227 25
228 25
21 26
22 26
25 26
26 26
29 26
30 26
223 26
224 26
227 26
228 26
23 27
24 27
27 27
28 27
31 27
32 27
221 27
222 27
225 27
226 27
23 28
24 28
27 28
28 28
31 28
32 28
221 28
222 28
225 28
226 28
25 29
26 29
29 29
30 29
33 29
34 29
227 29
228 29
231 29
232 29
25 30
26 30
29 30
30 30
33 30
34 30
227 30
228 30
231 30
232 30
27 31
28 31
31 31
32 31
35 31
36 31
225 31
226 31
229 31
230 31
27 32
28 32
31 32
32 32
35 32
36 32
225 32
226 32
229 32
230 32
29 33
30 33
33 33
34 33
37 33
38 33
231 33
232 33
235 33
236 33
29 34
30 34
33 34
34 34
37 34
38 34
231 34
232 34
235 34
236 34
31 35
32 35
35 35
36 35
39 35
40 35
229 35
230 35
233 35
234 35
31 36
32 36
35 36
36 36
39 36
40 36
229 36
230 36
233 36
234 36
33 37
34 37
37 37
38 37
41 37
42 37
235 37
236 37
239 37
240 37
33 38
34 38
37 38
38 38
41 38
42 38
235 38
236 38
239 38
240 38
35 39
36 39
39 39
40 39
43 39
44 39
233 39
234 39
237 39
238 39
35 40
36 40
39 40
40 40
43 40
44 40
233 40
234 40
237 40
238 40
37 41
38 41
41 41
42 41
45 41
46 41
239 41
240 41
243 41
244 41
37 42
38 42
41 42
42 42
45 42
46 42
239 42
240 42
243 42
244 42
39 43
40 43
43 43
44 43
47 43
48 43
237 43
238 43
241 43
242 43
39 44
40 44
43 44
44 44
47 44
48 44
237 44
238 44
241 44
242 44
41 45
42 45
45 45
46 45
49 45
50 45
243 45
244 45
247 45
248 45
41 46
42 46
45 46
46 46
49 46
50 46
243 46
244 46
247 46
248 46
43 47
44 47
47 47
48 47
51 47
52 47
241 47
242 47
245 47
246 47
43 48
44 48
47 48
48 48
51 48
52 48
241 48
242 48
245 48
246 48
45 49
46 49
49 49
50 49
53 49
54 49
247 49
248 49
251 49
252 49
45 50
46 50
49 50
50 50
53 50
54 50
247 50
248 50
251 50
252 50
47 51
48 51
51 51
52 51
55 51
56 51
245 51
246 51
249 51
250 51
47 52
48 52
51 52
52 52
55 52
56 52
245 52
246 52
249 52
250 52
49 53
50 53
53 53
54 53
57 53
58 53
251 53
252 53
255 53
256 53
49 54
50 54
53 54
54 54
57 54
58 54
251 54
252 54
255 54
256 54
51 55
52 55
55 55
56 55
59 55
60 55
249 55
250 55
253 55
254 55
51 56
52 56
55 56
56 56
59 56
60 56
249 56
250 56
253 56
254 56
53 57
54 57
57 57
58 57
61 57
62 57
255 57
256 57
259 57
260 57
53 58
54 58
57 58
58 58
61 58
62 58
255 58
256 58
259 58
260 58
55 59
56 59
59 59
60 59
63 59
64 59
253 59
254 59
257 59
258 59
55 60
56 60
59 60
60 60
63 60
64 60
253 60
254 60
257 60
258 60
57 61
58 61
61 61
62 61
65 61
66 61
259 61
260 61
263 61
264 61
57 62
58 62
61 62
62 62
65 62
66 62
259 62
260 62
263 62
264 62
59 63
60 63
63 63
64 63
67 63
68 63
257 63
258 63
261 63
262 63
59 64
60 64
63 64
64 64
67 64
68 64
257 64
258 64
261 64
262 64
61 65
62 65
65 65
66 65
69 65
70 65
263 65
264 65
267 65
268 65
61 66
62 66
65 66
66 66
69 66
70 66
263 66
264 66
267 66
268 66
63 67
64 67
67 67
68 67
71 67
72 67
261 67
262 67
265 67
266 67
63 68
64 68
67 68
68 68
71 68
72 68
261 68
262 68
265 68
266 68
65 69
66 69
69 69
70 69
73 69
74 69
267 69
268 69
271 69
272 69
65 70
66 70
69 70
70 70
73 70
74 70
267 70
268 70
271 70
272 70
67 71
68 71
71 71
72 71
75 71
76 71
265 71
266 71
269 71
270 71
67 72
68 72
71 72
72 72
75 72
76 72
265 72
266 72
269 72
270 72
69 73
70 73
73 73
74 73
77 73
78 73
271 73
272 73
275 73
276 73
69 74
70 74
73 74
74 74
77 74
78 74
271 74
272 74
275 74
276 74
71 75
72 75
75 75
76 75
79 75
80 75
269 75
270 75
273 75
274 75
71 76
72 76
75 76
76 76
79 76
80 76
269 76
270 76
273 76
274 76
73 77
74 77
77 77
78 77
81 77
82 77
275 77
276 77
279 77
280 77
73 78
74 78
77 78
78 78
81 78
82 78
275 78
276 78
279 78
280 78
75 79
76 79
79 79
80 79
83 79
84 79
273 79
274 79
277 79
278 79
75 80
76 80
79 80
80 80
83 80
84 80
273 80
274 80
277 80
278 80
77 81
78 81
81 81
82 81
85 81
86 81
279 81
280 81
283 81
284 81
77 82
78 82
81 82
82 82
85 82
86 82
279 82
280 82
283 82
284 82
79 83
80 83
83 83
84 83
87 83
88 83
277 83
278 83
281 83
282 83
79 84
80 84
83 84
84 84
87 84
88 84
277 84
278 84
281 84
282 84
81 85
82 85
85 85
86 85
89 85
90 85
283 85
284 85
287 85
288 85
81 86
82 86
85 86
86 86
89 86
90 86
283 86
284 86
287 86
288 86
83 87
84 87
87 87
88 87
91 87
92 87
281 87
282 87
285 87
286 87
83 88
84 88
87 88
88 88
91 88
92 88
281 88
282 88
285 88
286 88
85 89
86 89
89 89
90 89
93 89
94 89
287 89
288 89
291 89
292 89
85 90
86 90
89 90
90 90
93 90
94 90
287 90
288 90
291 90
292 90
87 91
88 91
91 91
92 91
95 91
96 91
285 91
286 91
289 91
290 91
87 92
88 92
91 92
92 92
95 92
96 92
285 92
286 92
289 92
290 92
89 93
90 93
93 93
94 93
97 93
98 93
291 93
292 93
295 93
89 94
90 94
93 94
94 94
97 94
98 94
291 94
292 94
295 94
296 94
91 95
92 95
95 95
96 95
99 95
100 95
289 95
290 95
293 95
294 95
91 96
92 96
95 96
96 96
99 96
100 96
289 96
290 96
93 97
94 97
97 97
98 97
101 97
102 97
295 97
299 97
93 98
94 98
97 98
98 98
101 98
102 98
295 98
296 98
299 98
300 98
95 99
96 99
99 99
100 99
103 99
104 99
293 99
294 99
297 99
298 99
95 100
96 100
99 100
100 100
103 100
104 100
97 101
98 101
101 101
102 101
105 101
106 101
299 101
303 101
97 102
98 102
101 102
102 102
105 102
106 102
299 102
300 102
303 102
304 102
99 103
100 103
103 103
104 103
107 103
108 103
297 103
298 103
301 103
302 103
99 104
100 104
103 104
104 104
107 104
108 104
101 105
102 105
105 105
106 105
109 105
303 105
101 106
102 106
105 106
106 106
110 106
303 106
304 106
307 106
308 106
103 107
104 107
107 107
108 107
111 107
112 107
301 107
302 107
305 107
306 107
103 108
104 108
107 108
108 108
111 108
112 108
105 109
106 109
109 109
113 109
105 110
106 110
110 110
114 110
307 110
308 110
311 110
312 110
107 111
108 111
111 111
112 111
115 111
116 111
306 111
310 111
107 112
108 112
111 112
112 112
115 112
116 112
109 113
113 113
117 113
110 114
114 114
118 114
311 114
312 114
315 114
316 114
111 115
112 115
115 115
116 115
119 115
310 115
314 115
111 116
112 116
115 116
116 116
120 116
113 117
117 117
121 117
114 118
118 118
122 118
315 118
319 118
115 119
116 119
119 119
123 119
314 119
318 119
115 120
116 120
120 120
124 120
117 121
121 121
125 121
118 122
122 122
126 122
319 122
323 122
119 123
123 123
127 123
318 123
322 123
120 124
124 124
128 124
121 125
125 125
129 125
122 126
126 126
130 126
323 126
327 126
123 127
127 127
131 127
322 127
326 127
124 128
128 128
132 128
125 129
129 129
133 129
126 130
130 130
134 130
327 130
331 130
127 131
131 131
135 131
326 131
330 131
128 132
132 132
136 132
129 133
133 133
137 133
130 134
134 134
138 134
331 134
335 134
131 135
135 135
139 135
330 135
334 135
132 136
136 136
140 136
133 137
137 137
141 137
134 138
138 138
142 138
335 138
339 138
135 139
139 139
143 139
334 139
338 139
136 140
140 140
144 140
137 141
141 141
145 141
138 142
142 142
146 142
339 142
343 142
139 143
143 143
147 143
338 143
342 143
140 144
144 144
148 144
141 145
145 145
149 145
142 146
146 146
150 146
343 146
347 146
143 147
147 147
151 147
342 147
346 147
144 148
148 148
152 148
145 149
149 149
153 149
146 150
150 150
154 150
347 150
351 150
147 151
151 151
155 151
346 151
350 151
148 152
152 152
156 152
149 153
153 153
157 153
150 154
154 154
158 154
351 154
355 154
151 155
155 155
159 155
350 155
354 155
152 156
156 156
160 156
153 157
157 157
161 157
154 158
158 158
162 158
355 158
359 158
155 159
159 159
163 159
354 159
358 159
156 160
160 160
164 160
157 161
161 161
165 161
158 162
162 162
166 162
359 162
363 162
159 163
163 163
167 163
358 163
362 163
160 164
164 164
168 164
161 165
165 165
169 165
162 166
166 166
170 166
363 166
367 166
163 167
167 167
171 167
362 167
366 167
164 168
168 168
172 168
165 169
169 169
173 169
166 170
170 170
174 170
367 170
371 170
167 171
171 171
175 171
366 171
370 171
168 172
172 172
176 172
169 173
173 173
177 173
170 174
174 174
178 174
371 174
375 174
171 175
175 175
179 175
370 175
374 175
172 176
176 176
180 176
173 177
177 177
181 177
174 178
178 178
182 178
375 178
379 178
175 179
179 179
183 179
374 179
378 179
176 180
180 180
184 180
177 181
181 181
185 181
178 182
182 182
186 182
379 182
383 182
179 183
183 183
187 183
378 183
382 183
180 184
184 184
188 184
181 185
185 185
189 185
182 186
186 186
190 186
383 186
387 186
183 187
187 187
191 187
382 187
386 187
184 188
188 188
192 188
185 189
189 189
193 189
186 190
190 190
194 190
387 190
391 190
187 191
191 191
195 191
386 191
390 191
188 192
192 192
196 192
189 193
193 193
197 193
190 194
194 194
198 194
391 194
395 194
191 195
195 195
199 195
390 195
394 195
192 196
196 196
200 196
193 197
197 197
194 198
198 198
395 198
399 198
195 199
199 199
394 199
398 199
196 200
200 200
3 201
4 201
7 201
8 201
201 201
202 201
205 201
206 201
3 202
4 202
7 202
8 202
201 202
202 202
205 202
206 202
1 203
2 203
5 203
6 203
203 203
204 203
207 203
208 203
1 204
2 204
5 204
6 204
203 204
204 204
207 204
208 204
7 205
8 205
11 205
12 205
201 205
202 205
205 205
206 205
209 205
210 205
7 206
8 206
11 206
12 206
201 206
202 206
205 206
206 206
209 206
210 206
5 207
6 207
9 207
10 207
203 207
204 207
207 207
208 207
211 207
212 207
5 208
6 208
9 208
10 208
203 208
204 208
207 208
208 208
211 208
212 208
11 209
12 209
15 209
16 209
205 209
206 209
209 209
210 209
213 209
214 209
11 210
12 210
15 210
16 210
205 210
206 210
209 210
210 210
213 210
214 210
9 211
10 211
13 211
14 211
207 211
208 211
211 211
212 211
215 211
216 211
9 212
10 212
13 212
14 212
207 212
208 212
211 212
212 212
215 212
216 212
15 213
16 213
19 213
20 213
209 213
210 213
213 213
214 213
217 213
218 213
15 214
16 214
19 214
20 214
209 214
210 214
213 214
214 214
217 214
218 214
13 215
14 215
17 215
18 215
211 215
212 215
215 215
216 215
219 215
220 215
13 216
14 216
17 216
18 216
211 216
212 216
215 216
216 216
219 216
220 216
19 217
20 217
23 217
24 217
213 217
214 217
217 217
218 217
221 217
222 217
19 218
20 218
23 218
24 218
213 218
214 218
217 218
218 218
221 218
222 218
17 219
18 219
21 219
22 219
215 219
216 219
219 219
220 219
223 219
224 219
17 220
18 220
21 220
22 220
215 220
216 220
219 220
220 220
223 220
224 220
23 221
24 221
27 221
28 221
217 221
218 221
221 221
222 221
225 221
226 221
23 222
24 222
27 222
28 222
217 222
218 222
221 222
222 222
225 222
226 222
21 223
22 223
25 223
26 223
219 223
220 223
223 223
224 223
227 223
228 223
21 224
22 224
25 224
26 224
219 224
220 224
223 224
224 224
227 224
228 224
27 225
28 225
31 225
32 225
221 225
222 225
225 225
226 225
229 225
230 225
27 226
28 226
31 226
32 226
221 226
222 226
225 226
226 226
229 226
230 226
25 227
26 227
29 227
30 227
223 227
224 227
227 227
228 227
231 227
232 227
25 228
26 228
29 228
30 228
223 228
224 228
227 228
228 228
231 228
232 228
31 229
32 229
35 229
36 229
225 229
226 229
229 229
230 229
233 229
234 229
31 230
32 230
35 230
36 230
225 230
226 230
229 230
230 230
233 230
234 230
29 231
30 231
33 231
34 231
227 231
228 231
231 231
232 231
235 231
236 231
29 232
30 232
33 232
34 232
227 232
228 232
231 232
232 232
235 232
236 232
35 233
36 233
39 233
40 233
229 233
230 233
233 233
234 233
237 233
238 233
35 234
36 234
39 234
40 234
229 234
230 234
233 234
234 234
237 234
238 234
33 235
34 235
37 235
38 235
231 235
232 235
235 235
236 235
239 235
240 235
33 236
34 236
37 236
38 236
231 236
232 236
235 236
236 236
239 236
240 236
39 237
40 237
43 237
44 237
233 237
234 237
237 237
238 237
241 237
242 237
39 238
40 238
43 238
44 238
233 238
234 238
237 238
238 238
241 238
242 238
37 239
38 239
41 239
42 239
235 239
236 239
239 239
240 239
243 239
244 239
37 240
38 240
41 240
42 240
235 240
236 240
239 240
240 240
243 240
244 240
43 241
44 241
47 241
48 241
237 241
238 241
241 241
242 241
245 241
246 241
43 242
44 242
47 242
48 242
237 242
238 242
241 242
242 242
245 242
246 242
41 243
42 243
45 243
46 243
239 243
240 243
243 243
244 243
247 243
248 243
41 244
42 244
45 244
46 244
239 244
240 244
243 244
244 244
247 244
248 244
47 245
48 245
51 245
52 245
241 245
242 245
245 245
246 245
249 245
250 245
47 246
48 246
51 246
52 246
241 246
242 246
245 246
246 246
249 246
250 246
45 247
46 247
49 247
50 247
243 247
244 247
247 247
248 247
251 247
252 247
45 248
46 248
49 248
50 248
243 248
244 248
247 248
248 248
251 248
252 248
51 249
52 249
55 249
56 249
245 249
246 249
249 249
250 249
253 249
254 249
51 250
52 250
55 250
56 250
245 250
246 250
249 250
250 250
253 250
254 250
49 251
50 251
53 251
54 251
247 251
248 251
251 251
252 251
255 251
256 251
49 252
50 252
53 252
54 252
247 252
248 252
251 252
252 252
255 252
256 252
55 253
56 253
59 253
60 253
249 253
250 253
253 253
254 253
257 253
258 253
55 254
56 254
59 254
60 254
249 254
250 254
253 254
254 254
257 254
258 254
53 255
54 255
57 255
58 255
251 255
252 255
255 255
256 255
259 255
260 255
53 256
54 256
57 256
58 256
251 256
252 256
255 256
256 256
259 256
260 256
59 257
60 257
63 257
64 257
253 257
254 257
257 257
258 257
261 257
262 257
59 258
60 258
63 258
64 258
253 258
254 258
257 258
258 258
261 258
262 258
57 259
58 259
61 259
62 259
255 259
256 259
259 259
260 259
263 259
264 259
57 260
58 260
61 260
62 260
255 260
256 260
259 260
260 260
263 260
264 260
63 261
64 261
67 261
68 261
257 261
258 261
261 261
262 261
265 261
266 261
63 262
64 262
67 262
68 262
257 262
258 262
261 262
262 262
265 262
266 262
61 263
62 263
65 263
66 263
259 263
260 263
263 263
264 263
267 263
268 263
61 264
62 264
65 264
66 264
259 264
260 264
263 264
264 264
267 264
268 264
67 265
68 265
71 265
72 265
261 265
262 265
265 265
266 265
269 265
270 265
67 266
68 266
71 266
72 266
261 266
262 266
265 266
266 266
269 266
270 266
65 267
66 267
69 267
70 267
263 267
264 267
267 267
268 267
271 267
272 267
65 268
66 268
69 268
70 268
263 268
264 268
267 268
268 268
271 268
272 268
71 269
72 269
75 269
76 269
265 269
266 269
269 269
270 269
273 269
274 269
71 270
72 270
75 270
76 270
265 270
266 270
269 270
270 270
273 270
274 270
69 271
70 271
73 271
74 271
267 271
268 271
271 271
272 271
275 271
276 271
69 272
70 272
73 272
74 272
267 272
268 272
271 272
272 272
275 272
276 272
75 273
76 273
79 273
80 273
269 273
270 273
273 273
274 273
277 273
278 273
75 274
76 274
79 274
80 274
269 274
270 274
273 274
274 274
277 274
278 274
73 275
74 275
77 275
78 275
271 275
272 275
275 275
276 275
279 275
280 275
73 276
74 276
77 276
78 276
271 276
272 276
275 276
276 276
279 276
280 276
79 277
80 277
83 277
84 277
273 277
274 277
277 277
278 277
281 277
282 277
79 278
80 278
83 278
84 278
273 278
274 278
277 278
278 278
281 278
282 278
77 279
78 279
81 279
82 279
275 279
276 279
279 279
280 279
283 279
284 279
77 280
78 280
81 280
82 280
275 280
276 280
279 280
280 280
283 280
284 280
83 281
84 281
87 281
88 281
277 281
278 281
281 281
282 281
285 281
286 281
83 282
84 282
87 282
88 282
277 282
278 282
281 282
282 282
285 282
286 282
81 283
82 283
85 283
86 283
279 283
280 283
283 283
284 283
287 283
288 283
81 284
82 284
85 284
86 284
279 284
280 284
283 284
284 284
287 284
288 284
87 285
88 285
91 285
92 285
281 285
282 285
285 285
286 285
289 285
290 285
87 286
88 286
91 286
92 286
281 286
282 286
285 286
286 286
289 286
290 286
85 287
86 287
89 287
90 287
283 287
284 287
287 287
288 287
291 287
292 287
85 288
86 288
89 288
90 288
283 288
284 288
287 288
288 288
291 288
292 288
91 289
92 289
95 289
96 289
285 289
286 289
289 289
290 289
293 289
294 289
91 290
92 290
95 290
96 290
285 290
286 290
289 290
290 290
293 290
294 290
89 291
90 291
93 291
94 291
287 291
288 291
291 291
292 291
295 291
296 291
89 292
90 292
93 292
94 292
287 292
288 292
291 292
292 292
295 292
296 292
95 293
96 293
289 293
290 293
293 293
294 293
297 293
298 293
95 294
96 294
99 294
100 294
289 294
290 294
293 294
294 294
297 294
298 294
93 295
94 295
97 295
98 295
291 295
292 295
295 295
296 295
299 295
300 295
93 296
94 296
98 296
291 296
292 296
295 296
296 296
299 296
300 296
103 297
104 297
293 297
294 297
297 297
298 297
301 297
302 297
99 298
100 298
103 298
104 298
293 298
294 298
297 298
298 298
301 298
302 298
97 299
98 299
101 299
102 299
295 299
296 299
299 299
300 299
303 299
304 299
98 300
101 300
102 300
295 300
296 300
299 300
300 300
303 300
304 300
103 301
104 301
107 301
108 301
297 301
298 301
301 301
302 301
305 301
306 301
103 302
104 302
107 302
108 302
297 302
298 302
301 302
302 302
305 302
306 302
101 303
102 303
105 303
106 303
299 303
300 303
303 303
304 303
307 303
308 303
101 304
102 304
105 304
106 304
299 304
300 304
303 304
304 304
307 304
308 304
107 305
108 305
301 305
302 305
305 305
306 305
309 305
107 306
108 306
111 306
112 306
301 306
302 306
305 306
306 306
310 306
105 307
106 307
110 307
303 307
304 307
307 307
308 307
311 307
312 307
105 308
106 308
110 308
303 308
304 308
307 308
308 308
311 308
312 308
305 309
309 309
313 309
111 310
112 310
115 310
116 310
306 310
310 310
314 310
110 311
114 311
307 311
308 311
311 311
312 311
315 311
316 311
110 312
114 312
307 312
308 312
311 312
312 312
315 312
316 312
309 313
313 313
317 313
115 314
116 314
119 314
310 314
314 314
318 314
114 315
118 315
311 315
312 315
315 315
316 315
319 315
114 316
311 316
312 316
315 316
316 316
320 316
313 317
317 317
321 317
119 318
123 318
314 318
318 318
322 318
118 319
122 319
315 319
319 319
323 319
316 320
320 320
324 320
317 321
321 321
325 321
123 322
127 322
318 322
322 322
326 322
122 323
126 323
319 323
323 323
327 323
320 324
324 324
328 324
321 325
325 325
329 325
127 326
131 326
322 326
326 326
330 326
126 327
130 327
323 327
327 327
331 327
324 328
328 328
332 328
325 329
329 329
333 329
131 330
135 330
326 330
330 330
334 330
130 331
134 331
327 331
331 331
335 331
328 332
332 332
336 332
329 333
333 333
337 333
135 334
139 334
330 334
334 334
338 334
134 335
138 335
331 335
335 335
339 335
332 336
336 336
340 336
333 337
337 337
341 337
139 338
143 338
334 338
338 338
342 338
138 339
142 339
335 339
339 339
343 339
336 340
340 340
344 340
337 341
341 341
345 341
143 342
147 342
338 342
342 342
346 342
142 343
146 343
339 343
343 343
347 343
340 344
344 344
348 344
341 345
345 345
349 345
147 346
151 346
342 346
346 346
350 346
146 347
150 347
343 347
347 347
351 347
344 348
348 348
352 348
345 349
349 349
353 349
151 350
155 350
346 350
350 350
354 350
150 351
154 351
347 351
351 351
355 351
348 352
352 352
356 352
349 353
353 353
357 353
155 354
159 354
350 354
354 354
358 354
154 355
158 355
351 355
355 355
359 355
352 356
356 356
360 356
353 357
357 357
361 357
159 358
163 358
354 358
358 358
362 358
158 359
162 359
355 359
359 359
363 359
356 360
360 360
364 360
357 361
361 361
365 361
163 362
167 362
358 362
362 362
366 362
162 363
166 363
359 363
363 363
367 363
360 364
364 364
368 364
361 365
365 365
369 365
167 366
171 366
362 366
366 366
370 366
166 367
170 367
363 367
367 367
371 367
364 368
368 368
372 368
365 369
369 369
373 369
171 370
175 370
366 370
370 370
374 370
170 371
174 371
367 371
371 371
375 371
368 372
372 372
376 372
369 373
373 373
377 373
175 374
179 374
370 374
374 374
378 374
174 375
178 375
371 375
375 375
379 375
372 376
376 376
380 376
373 377
377 377
381 377
179 378
183 378
374 378
378 378
382 378
178 379
182 379
375 379
379 379
383 379
376 380
380 380
384 380
377 381
381 381
385 381
183 382
187 382
378 382
382 382
386 382
182 383
186 383
379 383
383 383
387 383
380 384
384 384
388 384
381 385
385 385
389 385
187 386
191 386
382 386
386 386
390 386
186 387
190 387
383 387
387 387
391 387
384 388
388 388
392 388
385 389
389 389
393 389
191 390
195 390
386 390
390 390
394 390
190 391
194 391
387 391
391 391
395 391
388 392
392 392
396 392
389 393
393 393
397 393
195 394
199 394
390 394
394 394
398 394
194 395
198 395
391 395
395 395
399 395
392 396
396 396
400 396
393 397
397 397
199 398
394 398
398 398
198 399
395 399
399 399
396 400
400 400
