104 992
1 1
2 1
5 1
6 1
55 1
56 1
1 2
2 2
5 2
6 2
55 2
56 2
3 3
4 3
7 3
8 3
53 3
54 3
3 4
4 4
7 4
8 4
53 4
54 4
1 5
2 5
5 5
6 5
9 5
10 5
55 5
56 5
59 5
60 5
1 6
2 6
5 6
6 6
9 6
10 6
55 6
56 6
59 6
60 6
3 7
4 7
7 7
8 7
11 7
12 7
53 7
54 7
57 7
58 7
3 8
4 8
7 8
8 8
11 8
12 8
53 8
54 8
57 8
58 8
5 9
6 9
9 9
10 9
13 9
14 9
59 9
60 9
63 9
64 9
5 10
6 10
9 10
10 10
13 10
14 10
59 10
60 10
63 10
64 10
7 11
8 11
11 11
12 11
15 11
16 11
57 11
58 11
61 11
62 11
7 12
8 12
11 12
12 12
15 12
16 12
57 12
58 12
61 12
62 12
9 13
10 13
13 13
14 13
17 13
18 13
63 13
64 13
67 13
68 13
9 14
10 14
13 14
14 14
17 14
18 14
63 14
64 14
67 14
68 14
11 15
12 15
15 15
16 15
19 15
20 15
61 15
62 15
65 15
66 15
11 16
12 16
15 16
16 16
19 16
20 16
61 16
62 16
65 16
66 16
13 17
14 17
17 17
18 17
21 17
22 17
67 17
68 17
71 17
72 17
13 18
14 18
17 18
18 18
21 18
22 18
67 18
68 18
71 18
72 18
15 19
16 19
19 19
20 19
23 19
24 19
65 19
66 19
69 19
70 19
15 20
16 20
19 20
20 20
23 20
24 20
65 20
66 20
69 20
70 20
17 21
18 21
21 21
22 21
25 21
26 21
71 21
72 21
75 21
76 21
17 22
18 22
21 22
22 22
25 22
26 22
71 22
72 22
75 22
76 22
19 23
20 23
23 23
24 23
27 23
28 23
69 23
70 23
73 23
74 23
19 24
20 24
23 24
24 24
27 24
28 24
69 24
70 24
73 24
74 24
21 25
22 25
25 25
26 25
29 25
30 25
75 25
76 25
79 25
80 25
21 26
22 26
25 26
26 26
29 26
30 26
75 26
76 26
79 26
80 26
23 27
24 27
27 27
28 27
31 27
32 27
73 27
74 27
77 27
78 27
23 28
24 28
27 28
28 28
31 28
32 28
73 28
74 28
77 28
78 28
25 29
26 29
29 29
30 29
33 29
34 29
79 29
80 29
83 29
84 29
25 30
26 30
29 30
30 30
33 30
34 30
79 30
80 30
83 30
84 30
27 31
28 31
31 31
32 31
35 31
36 31
77 31
78 31
81 31
82 31
27 32
28 32
31 32
32 32
35 32
36 32
77 32
78 32
81 32
82 32
29 33
30 33
33 33
34 33
37 33
38 33
83 33
84 33
87 33
88 33
29 34
30 34
33 34
34 34
37 34
38 34
83 34
84 34
87 34
88 34
31 35
32 35
35 35
36 35
39 35
40 35
81 35
82 35
85 35
86 35
31 36
32 36
35 36
36 36
39 36
40 36
81 36
82 36
85 36
86 36
33 37
34 37
37 37
38 37
41 37
42 37
87 37
88 37
91 37
92 37
33 38
34 38
37 38
38 38
41 38
42 38
87 38
88 38
91 38
92 38
35 39
36 39
39 39
40 39
43 39
44 39
85 39
86 39
89 39
90 39
35 40
36 40
39 40
40 40
43 40
44 40
85 40
86 40
89 40
90 40
37 41
38 41
41 41
42 41
45 41
46 41
91 41
92 41
95 41
96 41
37 42
38 42
41 42
42 42
45 42
46 42
91 42
92 42
95 42
96 42
39 43
40 43
43 43
44 43
47 43
48 43
89 43
90 43
93 43
94 43
39 44
40 44
43 44
44 44
47 44
48 44
89 44
90 44
93 44
94 44
41 45
42 45
45 45
46 45
49 45
50 45
95 45
96 45
99 45
100 45
41 46
42 46
45 46
46 46
49 46
50 46
95 46
96 46
99 46
100 46
43 47
44 47
47 47
48 47
51 47
52 47
93 47
94 47
97 47
98 47
43 48
44 48
47 48
48 48
51 48
52 48
93 48
94 48
97 48
98 48
45 49
46 49
49 49
50 49
99 49
100 49
103 49
104 49
45 50
46 50
49 50
50 50
99 50
100 50
103 50
104 50
47 51
48 51
51 51
52 51
97 51
98 51
101 51
102 51
47 52
48 52
51 52
52 52
97 52
98 52
101 52
102 52
3 53
4 53
7 53
8 53
53 53
54 53
57 53
58 53
3 54
4 54
7 54
8 54
53 54
54 54
57 54
58 54
1 55
2 55
5 55
6 55
55 55
56 55
59 55
60 55
1 56
2 56
5 56
6 56
55 56
56 56
59 56
60 56
7 57
8 57
11 57
12 57
53 57
54 57
57 57
58 57
61 57
62 57
7 58
8 58
11 58
12 58
53 58
54 58
57 58
58 58
61 58
62 58
5 59
6 59
9 59
10 59
55 59
56 59
59 59
60 59
63 59
64 59
5 60
6 60
9 60
10 60
55 60
56 60
59 60
60 60
63 60
64 60
11 61
12 61
15 61
16 61
57 61
58 61
61 61
62 61
65 61
66 61
11 62
12 62
15 62
16 62
57 62
58 62
61 62
62 62
65 62
66 62
9 63
10 63
13 63
14 63
59 63
60 63
63 63
64 63
67 63
68 63
9 64
10 64
13 64
14 64
59 64
60 64
63 64
64 64
67 64
68 64
15 65
16 65
19 65
20 65
61 65
62 65
65 65
66 65
69 65
70 65
15 66
16 66
19 66
20 66
61 66
62 66
65 66
66 66
69 66
70 66
13 67
14 67
17 67
18 67
63 67
64 67
67 67
68 67
71 67
72 67
13 68
14 68
17 68
18 68
63 68
64 68
67 68
68 68
71 68
72 68
19 69
20 69
23 69
24 69
65 69
66 69
69 69
70 69
73 69
74 69
19 70
20 70
23 70
24 70
65 70
66 70
69 70
70 70
73 70
74 70
17 71
18 71
21 71
22 71
67 71
68 71
71 71
72 71
75 71
76 71
17 72
18 72
21 72
22 72
67 72
68 72
71 72
72 72
75 72
76 72
23 73
24 73
27 73
28 73
69 73
70 73
73 73
74 73
77 73
78 73
23 74
24 74
27 74
28 74
69 74
70 74
73 74
74 74
77 74
78 74
21 75
22 75
25 75
26 75
71 75
72 75
75 75
76 75
79 75
80 75
21 76
22 76
25 76
26 76
71 76
72 76
75 76
76 76
79 76
80 76
27 77
28 77
31 77
32 77
73 77
74 77
77 77
78 77
81 77
82 77
27 78
28 78
31 78
32 78
73 78
74 78
77 78
78 78
81 78
82 78
25 79
26 79
29 79
30 79
75 79
76 79
79 79
80 79
83 79
84 79
25 80
26 80
29 80
30 80
75 80
76 80
79 80
80 80
83 80
84 80
31 81
32 81
35 81
36 81
77 81
78 81
81 81
82 81
85 81
86 81
31 82
32 82
35 82
36 82
77 82
78 82
81 82
82 82
85 82
86 82
29 83
30 83
33 83
34 83
79 83
80 83
83 83
84 83
87 83
88 83
29 84
30 84
33 84
34 84
79 84
80 84
83 84
84 84
87 84
88 84
35 85
36 85
39 85
40 85
81 85
82 85
85 85
86 85
89 85
90 85
35 86
36 86
39 86
40 86
81 86
82 86
85 86
86 86
89 86
90 86
33 87
34 87
37 87
38 87
83 87
84 87
87 87
88 87
91 87
92 87
33 88
34 88
37 88
38 88
83 88
84 88
87 88
88 88
91 88
92 88
39 89
40 89
43 89
44 89
85 89
86 89
89 89
90 89
93 89
94 89
39 90
40 90
43 90
44 90
85 90
86 90
89 90
90 90
93 90
94 90
37 91
38 91
41 91
42 91
87 91
88 91
91 91
92 91
95 91
96 91
37 92
38 92
41 92
42 92
87 92
88 92
91 92
92 92
95 92
96 92
43 93
44 93
47 93
48 93
89 93
90 93
93 93
94 93
97 93
98 93
43 94
44 94
47 94
48 94
89 94
90 94
93 94
94 94
97 94
98 94
41 95
42 95
45 95
46 95
91 95
92 95
95 95
96 95
99 95
100 95
41 96
42 96
45 96
46 96
91 96
92 96
95 96
96 96
99 96
100 96
47 97
48 97
51 97
52 97
93 97
94 97
97 97
98 97
101 97
102 97
47 98
48 98
51 98
52 98
93 98
94 98
97 98
98 98
101 98
102 98
45 99
46 99
49 99
50 99
95 99
96 99
99 99
100 99
103 99
104 99
45 100
46 100
49 100
50 100
95 100
96 100
99 100
100 100
103 100
104 100
51 101
52 101
97 101
98 101
101 101
102 101
51 102
52 102
97 102
98 102
101 102
102 102
49 103
50 103
99 103
100 103
103 103
104 103
49 104
50 104
99 104
100 104
103 104
104 104
