236 5856
7 1
5 1
3 1
1 1
8 1
6 1
4 1
2 1
9 1
10 1
1 2
7 2
5 2
3 2
8 2
6 2
4 2
2 2
9 2
10 2
1 3
7 3
5 3
2 3
8 3
3 3
6 3
4 3
9 3
10 3
17 3
15 3
13 3
11 3
18 3
16 3
14 3
12 3
19 3
20 3
21 3
1 4
2 4
7 4
5 4
3 4
8 4
6 4
4 4
9 4
10 4
17 4
15 4
13 4
11 4
18 4
16 4
14 4
12 4
19 4
20 4
21 4
1 5
7 5
2 5
3 5
5 5
8 5
6 5
4 5
9 5
10 5
57 5
55 5
53 5
51 5
58 5
56 5
54 5
52 5
59 5
60 5
61 5
1 6
2 6
7 6
5 6
3 6
8 6
4 6
6 6
9 6
10 6
57 6
55 6
53 6
51 6
58 6
56 6
54 6
52 6
59 6
60 6
61 6
1 7
2 7
5 7
7 7
3 7
8 7
6 7
4 7
9 7
10 7
13 7
17 7
15 7
18 7
11 7
72 7
16 7
14 7
12 7
19 7
20 7
21 7
57 7
53 7
55 7
58 7
51 7
71 7
56 7
54 7
52 7
59 7
60 7
61 7
68 7
66 7
64 7
62 7
69 7
67 7
65 7
63 7
70 7
1 8
2 8
7 8
5 8
3 8
4 8
6 8
8 8
72 8
9 8
10 8
15 8
17 8
18 8
13 8
11 8
16 8
71 8
14 8
12 8
19 8
20 8
21 8
55 8
53 8
51 8
56 8
57 8
54 8
52 8
59 8
60 8
61 8
58 8
70 8
63 8
62 8
66 8
64 8
68 8
69 8
67 8
65 8
1 9
2 9
3 9
7 9
5 9
4 9
8 9
6 9
1 10
2 10
3 10
7 10
5 10
4 10
8 10
6 10
3 11
4 11
7 11
8 11
15 11
17 11
18 11
13 11
16 11
14 11
11 11
12 11
19 11
20 11
21 11
3 12
4 12
7 12
8 12
15 12
17 12
18 12
16 12
13 12
11 12
14 12
12 12
19 12
20 12
21 12
3 13
4 13
7 13
8 13
15 13
17 13
16 13
18 13
11 13
13 13
27 13
14 13
12 13
19 13
20 13
21 13
26 13
28 13
25 13
24 13
22 13
23 13
30 13
31 13
32 13
29 13
3 14
4 14
7 14
8 14
15 14
17 14
18 14
16 14
13 14
26 14
11 14
12 14
14 14
19 14
20 14
21 14
28 14
24 14
22 14
27 14
29 14
25 14
23 14
30 14
31 14
32 14
3 15
4 15
7 15
8 15
72 15
17 15
71 15
70 15
15 15
13 15
11 15
18 15
16 15
14 15
12 15
19 15
20 15
21 15
63 15
53 15
57 15
54 15
58 15
62 15
66 15
64 15
68 15
67 15
65 15
69 15
3 16
4 16
7 16
8 16
72 16
15 16
17 16
13 16
18 16
11 16
63 16
14 16
16 16
12 16
19 16
20 16
21 16
53 16
71 16
57 16
58 16
54 16
70 16
62 16
66 16
64 16
68 16
65 16
69 16
67 16
3 17
4 17
7 17
8 17
72 17
15 17
16 17
71 17
53 17
63 17
70 17
17 17
13 17
11 17
14 17
18 17
54 17
12 17
19 17
20 17
21 17
57 17
83 17
26 17
24 17
22 17
82 17
27 17
25 17
23 17
30 17
31 17
32 17
28 17
29 17
58 17
62 17
68 17
66 17
81 17
64 17
74 17
67 17
78 17
65 17
69 17
76 17
73 17
77 17
80 17
75 17
79 17
3 18
8 18
4 18
7 18
72 18
17 18
71 18
15 18
13 18
70 18
63 18
83 18
53 18
11 18
16 18
18 18
14 18
12 18
19 18
20 18
21 18
57 18
54 18
26 18
24 18
22 18
82 18
62 18
27 18
25 18
23 18
30 18
31 18
58 18
32 18
28 18
81 18
66 18
64 18
29 18
68 18
74 18
76 18
78 18
65 18
69 18
73 18
67 18
80 18
77 18
75 18
79 18
3 19
4 19
7 19
8 19
15 19
17 19
18 19
16 19
13 19
11 19
12 19
14 19
3 20
4 20
7 20
8 20
15 20
17 20
18 20
16 20
13 20
11 20
12 20
14 20
3 21
4 21
7 21
8 21
15 21
17 21
18 21
16 21
13 21
11 21
12 21
14 21
17 22
18 22
13 22
14 22
26 22
28 22
27 22
24 22
25 22
23 22
22 22
30 22
29 22
31 22
32 22
17 23
18 23
13 23
14 23
26 23
28 23
27 23
24 23
22 23
29 23
25 23
23 23
30 23
31 23
32 23
17 24
18 24
13 24
26 24
14 24
27 24
28 24
22 24
25 24
24 24
23 24
29 24
30 24
35 24
31 24
32 24
33 24
37 24
36 24
34 24
41 24
38 24
42 24
43 24
39 24
40 24
17 25
18 25
13 25
14 25
26 25
28 25
29 25
27 25
24 25
22 25
23 25
25 25
30 25
31 25
32 25
37 25
39 25
35 25
33 25
38 25
40 25
36 25
34 25
41 25
42 25
43 25
17 26
18 26
83 26
13 26
82 26
14 26
64 26
28 26
26 26
81 26
24 26
27 26
22 26
74 26
25 26
23 26
29 26
30 26
31 26
32 26
68 26
78 26
65 26
73 26
76 26
69 26
80 26
77 26
75 26
79 26
17 27
18 27
13 27
83 27
14 27
64 27
26 27
82 27
28 27
81 27
29 27
24 27
27 27
22 27
25 27
23 27
30 27
68 27
31 27
74 27
32 27
76 27
78 27
65 27
77 27
73 27
69 27
80 27
75 27
79 27
17 28
83 28
18 28
14 28
13 28
82 28
26 28
24 28
81 28
27 28
64 28
74 28
22 28
25 28
28 28
23 28
30 28
29 28
31 28
32 28
68 28
78 28
65 28
73 28
76 28
37 28
35 28
80 28
33 28
94 28
93 28
36 28
34 28
41 28
42 28
43 28
77 28
69 28
38 28
75 28
39 28
40 28
92 28
79 28
85 28
84 28
87 28
89 28
88 28
86 28
91 28
90 28
17 29
18 29
13 29
83 29
14 29
82 29
26 29
64 29
24 29
28 29
22 29
81 29
27 29
74 29
31 29
25 29
23 29
30 29
29 29
68 29
32 29
65 29
78 29
73 29
76 29
35 29
69 29
33 29
80 29
77 29
75 29
36 29
34 29
41 29
42 29
43 29
94 29
39 29
37 29
38 29
93 29
40 29
92 29
85 29
79 29
89 29
84 29
87 29
88 29
91 29
86 29
90 29
17 30
18 30
13 30
14 30
26 30
28 30
27 30
24 30
22 30
29 30
23 30
25 30
17 31
18 31
13 31
14 31
26 31
27 31
28 31
29 31
24 31
22 31
23 31
25 31
17 32
18 32
13 32
14 32
26 32
27 32
28 32
29 32
24 32
22 32
23 32
25 32
28 33
29 33
24 33
25 33
37 33
38 33
39 33
35 33
36 33
34 33
33 33
41 33
40 33
42 33
43 33
28 34
29 34
24 34
25 34
37 34
39 34
38 34
35 34
33 34
40 34
36 34
34 34
41 34
42 34
43 34
29 35
28 35
24 35
25 35
37 35
38 35
39 35
36 35
33 35
35 35
34 35
40 35
41 35
42 35
43 35
44 35
46 35
45 35
47 35
48 35
49 35
50 35
28 36
29 36
24 36
25 36
37 36
39 36
40 36
38 36
35 36
33 36
34 36
36 36
41 36
42 36
43 36
46 36
44 36
47 36
45 36
48 36
49 36
50 36
28 37
29 37
76 37
24 37
75 37
25 37
80 37
94 37
38 37
93 37
37 37
35 37
33 37
39 37
92 37
36 37
85 37
34 37
40 37
41 37
42 37
43 37
79 37
84 37
89 37
87 37
88 37
86 37
91 37
90 37
28 38
76 38
29 38
24 38
80 38
25 38
75 38
94 38
93 38
37 38
39 38
40 38
85 38
35 38
38 38
33 38
36 38
34 38
41 38
42 38
92 38
79 38
43 38
89 38
84 38
87 38
88 38
86 38
91 38
90 38
28 39
29 39
24 39
76 39
75 39
25 39
94 39
37 39
80 39
38 39
35 39
93 39
33 39
92 39
85 39
36 39
39 39
34 39
40 39
41 39
42 39
43 39
79 39
84 39
89 39
87 39
88 39
46 39
44 39
45 39
47 39
48 39
49 39
50 39
91 39
86 39
90 39
101 39
95 39
100 39
96 39
99 39
98 39
97 39
28 40
29 40
24 40
76 40
75 40
25 40
80 40
94 40
37 40
93 40
35 40
33 40
39 40
92 40
38 40
85 40
42 40
36 40
34 40
41 40
40 40
43 40
79 40
89 40
87 40
84 40
44 40
88 40
45 40
48 40
49 40
50 40
46 40
86 40
47 40
91 40
90 40
100 40
101 40
95 40
96 40
99 40
97 40
98 40
28 41
29 41
24 41
25 41
37 41
39 41
38 41
35 41
33 41
40 41
34 41
36 41
28 42
29 42
24 42
25 42
37 42
38 42
39 42
40 42
33 42
35 42
34 42
36 42
28 43
29 43
24 43
25 43
37 43
38 43
39 43
33 43
35 43
40 43
34 43
36 43
39 44
40 44
35 44
36 44
46 44
47 44
44 44
45 44
48 44
49 44
50 44
35 45
39 45
40 45
36 45
46 45
47 45
44 45
45 45
48 45
49 45
50 45
39 46
40 46
35 46
87 46
36 46
86 46
91 46
101 46
47 46
46 46
44 46
96 46
45 46
48 46
49 46
50 46
100 46
99 46
95 46
90 46
97 46
98 46
39 47
40 47
35 47
87 47
36 47
86 47
91 47
46 47
95 47
96 47
44 47
47 47
45 47
48 47
49 47
50 47
100 47
101 47
99 47
90 47
98 47
97 47
39 48
35 48
36 48
40 48
46 48
47 48
44 48
45 48
39 49
35 49
36 49
40 49
46 49
47 49
44 49
45 49
39 50
35 50
36 50
40 50
46 50
47 50
44 50
45 50
5 51
7 51
6 51
8 51
53 51
57 51
54 51
55 51
58 51
56 51
51 51
52 51
59 51
60 51
61 51
5 52
7 52
6 52
8 52
53 52
57 52
54 52
55 52
58 52
56 52
51 52
52 52
59 52
60 52
61 52
5 53
7 53
6 53
8 53
72 53
15 53
17 53
18 53
16 53
71 53
57 53
70 53
55 53
53 53
51 53
56 53
54 53
58 53
52 53
59 53
60 53
61 53
63 53
62 53
66 53
64 53
65 53
67 53
68 53
69 53
5 54
7 54
6 54
8 54
15 54
17 54
72 54
16 54
18 54
57 54
53 54
71 54
55 54
51 54
63 54
58 54
56 54
54 54
52 54
59 54
60 54
61 54
70 54
62 54
66 54
64 54
68 54
65 54
67 54
69 54
5 55
7 55
8 55
6 55
53 55
57 55
54 55
51 55
55 55
58 55
56 55
52 55
59 55
60 55
61 55
112 55
111 55
110 55
104 55
103 55
102 55
105 55
106 55
108 55
109 55
107 55
5 56
7 56
6 56
8 56
53 56
57 56
55 56
54 56
58 56
51 56
110 56
104 56
56 56
52 56
59 56
60 56
61 56
111 56
112 56
105 56
103 56
102 56
106 56
108 56
109 56
107 56
5 57
8 57
7 57
6 57
123 57
72 57
15 57
17 57
16 57
18 57
70 57
71 57
53 57
51 57
55 57
57 57
56 57
54 57
58 57
122 57
63 57
52 57
59 57
60 57
61 57
62 57
66 57
64 57
68 57
65 57
67 57
121 57
114 57
116 57
112 57
104 57
102 57
113 57
111 57
105 57
103 57
110 57
69 57
106 57
108 57
115 57
107 57
109 57
117 57
118 57
119 57
120 57
8 58
5 58
7 58
6 58
123 58
72 58
15 58
17 58
16 58
53 58
57 58
71 58
18 58
55 58
51 58
70 58
54 58
63 58
56 58
58 58
122 58
52 58
59 58
60 58
61 58
62 58
66 58
64 58
65 58
67 58
68 58
121 58
112 58
69 58
104 58
114 58
102 58
113 58
111 58
110 58
105 58
103 58
116 58
106 58
115 58
108 58
107 58
109 58
117 58
118 58
119 58
120 58
5 59
7 59
6 59
8 59
53 59
57 59
54 59
58 59
55 59
56 59
51 59
52 59
5 60
7 60
6 60
8 60
53 60
57 60
54 60
58 60
55 60
56 60
51 60
52 60
5 61
7 61
6 61
8 61
53 61
57 61
54 61
58 61
55 61
56 61
51 61
52 61
7 62
8 62
16 62
17 62
15 62
53 62
54 62
18 62
57 62
58 62
70 62
63 62
71 62
72 62
64 62
66 62
62 62
67 62
68 62
65 62
69 62
7 63
17 63
8 63
18 63
57 63
58 63
66 63
64 63
15 63
68 63
67 63
65 63
16 63
69 63
53 63
54 63
62 63
63 63
70 63
71 63
72 63
7 64
8 64
15 64
17 64
16 64
53 64
18 64
54 64
57 64
71 64
58 64
63 64
72 64
83 64
70 64
26 64
82 64
62 64
27 64
81 64
74 64
28 64
66 64
64 64
76 64
67 64
29 64
73 64
65 64
68 64
77 64
69 64
78 64
75 64
80 64
79 64
7 65
8 65
17 65
15 65
16 65
18 65
83 65
53 65
26 65
54 65
82 65
27 65
81 65
74 65
62 65
28 65
57 65
64 65
58 65
63 65
70 65
73 65
66 65
76 65
71 65
67 65
68 65
65 65
29 65
77 65
72 65
69 65
78 65
80 65
75 65
79 65
7 66
8 66
15 66
17 66
16 66
53 66
72 66
57 66
18 66
54 66
70 66
63 66
58 66
71 66
62 66
64 66
123 66
122 66
66 66
67 66
65 66
104 66
105 66
68 66
69 66
113 66
121 66
116 66
114 66
115 66
108 66
117 66
109 66
119 66
118 66
120 66
7 67
8 67
17 67
15 67
16 67
53 67
18 67
54 67
62 67
57 67
64 67
58 67
123 67
63 67
70 67
66 67
71 67
122 67
72 67
65 67
68 67
105 67
67 67
104 67
69 67
113 67
121 67
114 67
116 67
115 67
117 67
109 67
108 67
119 67
118 67
120 67
7 68
8 68
15 68
16 68
17 68
72 68
53 68
18 68
57 68
54 68
71 68
58 68
70 68
83 68
63 68
62 68
66 68
82 68
26 68
81 68
64 68
123 68
27 68
134 68
74 68
28 68
122 68
29 68
76 68
73 68
65 68
67 68
78 68
104 68
113 68
105 68
133 68
77 68
68 68
121 68
132 68
69 68
125 68
75 68
114 68
124 68
80 68
116 68
115 68
108 68
109 68
117 68
118 68
127 68
119 68
129 68
126 68
120 68
128 68
79 68
131 68
130 68
7 69
8 69
15 69
17 69
16 69
53 69
18 69
83 69
54 69
57 69
58 69
82 69
26 69
27 69
62 69
81 69
64 69
74 69
28 69
63 69
123 69
70 69
71 69
76 69
66 69
122 69
29 69
73 69
134 69
65 69
72 69
104 69
67 69
77 69
68 69
78 69
105 69
133 69
132 69
121 69
125 69
113 69
69 69
124 69
114 69
115 69
116 69
75 69
109 69
108 69
117 69
80 69
127 69
119 69
118 69
129 69
126 69
120 69
128 69
131 69
79 69
130 69
7 70
17 70
18 70
57 70
58 70
8 70
66 70
64 70
68 70
67 70
65 70
15 70
16 70
69 70
53 70
54 70
62 70
63 70
7 71
17 71
57 71
58 71
18 71
8 71
66 71
64 71
68 71
67 71
65 71
15 71
69 71
16 71
53 71
54 71
62 71
63 71
7 72
17 72
18 72
57 72
58 72
66 72
64 72
67 72
65 72
68 72
8 72
69 72
15 72
16 72
53 72
54 72
62 72
63 72
17 73
18 73
26 73
68 73
78 73
27 73
69 73
77 73
64 73
82 73
65 73
28 73
81 73
74 73
29 73
83 73
73 73
80 73
76 73
75 73
79 73
28 74
29 74
68 74
78 74
17 74
76 74
18 74
69 74
77 74
80 74
75 74
26 74
27 74
64 74
79 74
65 74
73 74
74 74
81 74
82 74
83 74
17 75
18 75
26 75
68 75
27 75
78 75
74 75
77 75
69 75
81 75
64 75
65 75
28 75
82 75
73 75
29 75
83 75
76 75
80 75
37 75
94 75
93 75
38 75
85 75
92 75
39 75
75 75
84 75
40 75
89 75
87 75
88 75
79 75
86 75
91 75
90 75
28 76
29 76
68 76
78 76
17 76
94 76
18 76
37 76
69 76
76 76
77 76
93 76
38 76
39 76
80 76
26 76
40 76
27 76
92 76
75 76
85 76
64 76
79 76
73 76
65 76
84 76
74 76
87 76
88 76
86 76
81 76
89 76
91 76
82 76
90 76
83 76
17 77
18 77
134 77
26 77
27 77
82 77
133 77
83 77
68 77
78 77
74 77
28 77
132 77
81 77
69 77
64 77
116 77
125 77
77 77
65 77
73 77
115 77
29 77
124 77
76 77
80 77
127 77
119 77
75 77
129 77
120 77
79 77
126 77
131 77
128 77
130 77
134 78
28 78
29 78
133 78
132 78
68 78
17 78
18 78
125 78
76 78
78 78
26 78
124 78
69 78
77 78
116 78
27 78
80 78
75 78
115 78
64 78
73 78
65 78
74 78
127 78
129 78
79 78
81 78
119 78
120 78
131 78
82 78
128 78
126 78
130 78
83 78
17 79
18 79
26 79
27 79
83 79
81 79
82 79
74 79
28 79
64 79
65 79
76 79
73 79
29 79
68 79
77 79
78 79
69 79
134 79
133 79
132 79
124 79
116 79
94 79
115 79
125 79
93 79
37 79
85 79
75 79
80 79
38 79
92 79
39 79
40 79
87 79
84 79
86 79
89 79
127 79
145 79
119 79
129 79
88 79
126 79
120 79
128 79
144 79
143 79
135 79
136 79
79 79
131 79
91 79
138 79
140 79
139 79
90 79
130 79
137 79
142 79
141 79
28 80
17 80
29 80
134 80
68 80
18 80
133 80
78 80
132 80
76 80
26 80
125 80
37 80
94 80
77 80
27 80
93 80
69 80
39 80
40 80
38 80
80 80
75 80
116 80
64 80
115 80
124 80
92 80
65 80
73 80
145 80
85 80
74 80
127 80
84 80
79 80
144 80
120 80
143 80
81 80
89 80
86 80
119 80
88 80
87 80
129 80
82 80
131 80
136 80
91 80
90 80
126 80
128 80
83 80
130 80
135 80
138 80
140 80
137 80
142 80
139 80
141 80
28 81
29 81
68 81
78 81
76 81
69 81
17 81
77 81
80 81
18 81
75 81
26 81
27 81
79 81
73 81
64 81
65 81
74 81
28 82
29 82
68 82
69 82
78 82
76 82
77 82
75 82
80 82
17 82
18 82
79 82
26 82
27 82
65 82
64 82
73 82
74 82
28 83
29 83
68 83
69 83
78 83
76 83
80 83
77 83
79 83
75 83
17 83
18 83
26 83
27 83
73 83
64 83
65 83
74 83
80 84
76 84
28 84
29 84
79 84
38 84
37 84
93 84
92 84
89 84
85 84
88 84
75 84
94 84
39 84
87 84
84 84
91 84
40 84
86 84
90 84
80 85
39 85
40 85
28 85
79 85
89 85
76 85
87 85
29 85
88 85
86 85
91 85
37 85
38 85
90 85
75 85
84 85
85 85
92 85
93 85
94 85
80 86
28 86
29 86
76 86
37 86
38 86
79 86
93 86
85 86
92 86
75 86
89 86
88 86
39 86
84 86
94 86
87 86
40 86
91 86
46 86
47 86
96 86
90 86
99 86
86 86
100 86
95 86
97 86
98 86
101 86
80 87
39 87
79 87
40 87
28 87
76 87
89 87
29 87
88 87
101 87
46 87
87 87
47 87
100 87
37 87
86 87
38 87
91 87
99 87
96 87
90 87
75 87
95 87
84 87
85 87
92 87
97 87
98 87
93 87
94 87
28 88
80 88
127 88
76 88
29 88
145 88
37 88
144 88
38 88
93 88
92 88
94 88
75 88
131 88
85 88
79 88
89 88
39 88
84 88
126 88
40 88
143 88
88 88
87 88
135 88
136 88
86 88
91 88
140 88
138 88
130 88
90 88
137 88
139 88
142 88
141 88
80 89
127 89
145 89
39 89
28 89
40 89
76 89
144 89
79 89
131 89
29 89
126 89
143 89
87 89
89 89
88 89
37 89
38 89
136 89
86 89
91 89
135 89
75 89
84 89
90 89
85 89
130 89
92 89
140 89
138 89
93 89
94 89
139 89
137 89
142 89
141 89
28 90
76 90
80 90
29 90
127 90
37 90
94 90
38 90
92 90
93 90
145 90
75 90
85 90
39 90
89 90
79 90
131 90
84 90
40 90
88 90
126 90
144 90
87 90
143 90
135 90
136 90
46 90
47 90
91 90
86 90
130 90
95 90
99 90
100 90
96 90
140 90
101 90
138 90
98 90
97 90
90 90
137 90
139 90
142 90
147 90
146 90
150 90
141 90
151 90
152 90
148 90
149 90
80 91
39 91
28 91
127 91
76 91
29 91
145 91
40 91
79 91
131 91
37 91
144 91
89 91
46 91
143 91
126 91
87 91
47 91
38 91
88 91
101 91
86 91
75 91
100 91
92 91
91 91
93 91
85 91
90 91
135 91
84 91
136 91
130 91
94 91
95 91
96 91
99 91
138 91
98 91
97 91
140 91
137 91
152 91
139 91
142 91
151 91
146 91
150 91
147 91
141 91
148 91
149 91
80 92
39 92
40 92
87 92
79 92
89 92
28 92
29 92
88 92
91 92
86 92
76 92
37 92
90 92
38 92
75 92
84 92
85 92
39 93
40 93
80 93
79 93
89 93
86 93
87 93
88 93
28 93
91 93
29 93
90 93
76 93
37 93
38 93
75 93
84 93
85 93
39 94
80 94
40 94
79 94
87 94
86 94
89 94
88 94
91 94
90 94
28 94
29 94
37 94
38 94
76 94
84 94
75 94
85 94
91 95
39 95
87 95
40 95
46 95
90 95
47 95
86 95
97 95
96 95
98 95
95 95
99 95
100 95
101 95
91 96
39 96
90 96
87 96
40 96
46 96
47 96
97 96
98 96
86 96
95 96
96 96
99 96
100 96
101 96
91 97
87 97
39 97
40 97
46 97
47 97
90 97
86 97
138 97
95 97
96 97
99 97
100 97
98 97
101 97
97 97
137 97
142 97
147 97
146 97
150 97
151 97
152 97
141 97
148 97
149 97
91 98
39 98
87 98
40 98
90 98
46 98
47 98
138 98
86 98
97 98
137 98
95 98
99 98
98 98
96 98
100 98
101 98
152 98
142 98
146 98
151 98
147 98
150 98
141 98
148 98
149 98
91 99
90 99
39 99
87 99
40 99
46 99
97 99
98 99
47 99
86 99
95 99
96 99
91 100
90 100
97 100
39 100
98 100
40 100
87 100
46 100
47 100
86 100
95 100
96 100
91 101
90 101
97 101
98 101
39 101
40 101
46 101
47 101
87 101
86 101
95 101
96 101
57 102
58 102
55 102
56 102
108 102
106 102
104 102
107 102
109 102
105 102
102 102
110 102
103 102
111 102
112 102
57 103
58 103
106 103
108 103
107 103
109 103
55 103
104 103
56 103
102 103
105 103
103 103
110 103
111 103
112 103
57 104
58 104
55 104
123 104
56 104
122 104
66 104
106 104
108 104
67 104
105 104
68 104
103 104
104 104
102 104
107 104
109 104
110 104
113 104
111 104
112 104
117 104
69 104
114 104
118 104
121 104
115 104
116 104
119 104
120 104
57 105
58 105
123 105
55 105
108 105
56 105
106 105
66 105
107 105
109 105
122 105
104 105
67 105
68 105
102 105
117 105
110 105
105 105
103 105
111 105
113 105
112 105
69 105
118 105
119 105
120 105
116 105
114 105
121 105
115 105
57 106
58 106
55 106
56 106
112 106
111 106
110 106
108 106
102 106
103 106
105 106
104 106
106 106
107 106
109 106
163 106
162 106
161 106
155 106
153 106
154 106
156 106
157 106
158 106
160 106
159 106
57 107
58 107
55 107
108 107
56 107
106 107
109 107
102 107
107 107
104 107
103 107
105 107
110 107
111 107
112 107
163 107
162 107
155 107
153 107
161 107
154 107
156 107
159 107
157 107
158 107
160 107
57 108
58 108
55 108
56 108
123 108
122 108
66 108
112 108
67 108
111 108
68 108
110 108
103 108
105 108
102 108
106 108
104 108
107 108
109 108
108 108
69 108
113 108
117 108
114 108
121 108
115 108
118 108
116 108
119 108
164 108
120 108
174 108
173 108
172 108
162 108
163 108
153 108
165 108
161 108
155 108
154 108
156 108
167 108
166 108
168 108
158 108
160 108
157 108
159 108
170 108
169 108
171 108
57 109
55 109
58 109
123 109
56 109
66 109
122 109
67 109
107 109
106 109
108 109
104 109
105 109
68 109
102 109
109 109
110 109
103 109
113 109
111 109
117 109
112 109
69 109
114 109
118 109
121 109
119 109
116 109
120 109
164 109
115 109
174 109
173 109
172 109
155 109
153 109
165 109
163 109
162 109
161 109
154 109
156 109
166 109
157 109
158 109
159 109
167 109
168 109
160 109
169 109
170 109
171 109
57 110
107 110
106 110
58 110
108 110
109 110
55 110
104 110
105 110
56 110
102 110
103 110
106 111
57 111
107 111
58 111
109 111
108 111
105 111
104 111
55 111
56 111
102 111
103 111
106 112
107 112
57 112
108 112
58 112
109 112
55 112
104 112
105 112
56 112
102 112
103 112
108 113
109 113
117 113
57 113
118 113
58 113
120 113
66 113
119 113
104 113
68 113
105 113
67 113
69 113
122 113
115 113
113 113
116 113
114 113
121 113
123 113
68 114
69 114
116 114
115 114
57 114
109 114
108 114
58 114
117 114
104 114
66 114
105 114
118 114
119 114
67 114
113 114
120 114
114 114
121 114
122 114
123 114
108 115
109 115
57 115
117 115
58 115
77 115
78 115
118 115
134 115
104 115
66 115
119 115
120 115
105 115
68 115
67 115
113 115
129 115
133 115
69 115
121 115
122 115
132 115
114 115
116 115
123 115
115 115
131 115
124 115
125 115
80 115
128 115
127 115
130 115
126 115
79 115
134 116
133 116
78 116
68 116
77 116
132 116
69 116
125 116
124 116
80 116
57 116
115 116
116 116
58 116
108 116
109 116
117 116
104 116
105 116
127 116
66 116
67 116
113 116
119 116
118 116
129 116
79 116
121 116
126 116
128 116
122 116
114 116
131 116
120 116
123 116
130 116
57 117
108 117
109 117
58 117
66 117
67 117
118 117
117 117
119 117
105 117
104 117
120 117
174 117
113 117
173 117
172 117
68 117
165 117
122 117
69 117
115 117
114 117
121 117
164 117
167 117
155 117
116 117
156 117
123 117
166 117
159 117
168 117
160 117
170 117
169 117
171 117
68 118
69 118
57 118
116 118
115 118
58 118
117 118
108 118
105 118
66 118
109 118
104 118
67 118
113 118
114 118
164 118
119 118
121 118
118 118
174 118
120 118
122 118
173 118
156 118
165 118
155 118
123 118
172 118
167 118
166 118
168 118
160 118
169 118
159 118
170 118
171 118
57 119
108 119
58 119
109 119
77 119
66 119
78 119
117 119
104 119
134 119
67 119
133 119
68 119
105 119
118 119
113 119
120 119
174 119
119 119
173 119
172 119
114 119
165 119
121 119
69 119
164 119
122 119
123 119
132 119
116 119
129 119
115 119
124 119
185 119
125 119
167 119
184 119
80 119
131 119
155 119
166 119
127 119
128 119
156 119
168 119
159 119
126 119
130 119
79 119
183 119
160 119
170 119
169 119
176 119
171 119
178 119
175 119
177 119
180 119
179 119
182 119
181 119
78 120
134 120
133 120
77 120
132 120
68 120
69 120
57 120
125 120
124 120
116 120
80 120
58 120
115 120
66 120
105 120
104 120
67 120
108 120
117 120
109 120
113 120
114 120
122 120
127 120
118 120
119 120
129 120
121 120
126 120
79 120
164 120
174 120
123 120
156 120
128 120
173 120
131 120
165 120
120 120
185 120
172 120
184 120
155 120
167 120
168 120
166 120
160 120
169 120
183 120
159 120
176 120
175 120
170 120
130 120
178 120
171 120
177 120
180 120
179 120
181 120
182 120
68 121
69 121
116 121
108 121
115 121
109 121
117 121
57 121
118 121
104 121
105 121
58 121
119 121
66 121
67 121
113 121
120 121
114 121
68 122
69 122
116 122
108 122
109 122
117 122
115 122
120 122
118 122
119 122
104 122
57 122
58 122
105 122
113 122
66 122
67 122
114 122
68 123
69 123
116 123
120 123
108 123
109 123
117 123
118 123
115 123
119 123
105 123
104 123
57 123
58 123
66 123
67 123
113 123
114 123
80 124
79 124
127 124
129 124
119 124
78 124
120 124
131 124
77 124
128 124
126 124
68 124
115 124
69 124
130 124
116 124
124 124
125 124
132 124
133 124
134 124
80 125
79 125
120 125
127 125
129 125
119 125
131 125
126 125
128 125
78 125
130 125
77 125
115 125
68 125
116 125
69 125
124 125
125 125
132 125
133 125
134 125
78 126
80 126
77 126
119 126
127 126
68 126
115 126
129 126
69 126
124 126
120 126
145 126
89 126
88 126
79 126
116 126
131 126
128 126
126 126
125 126
144 126
132 126
133 126
135 126
143 126
136 126
91 126
134 126
90 126
140 126
138 126
130 126
139 126
137 126
142 126
141 126
80 127
79 127
145 127
120 127
89 127
88 127
129 127
127 127
144 127
119 127
131 127
91 127
90 127
143 127
136 127
78 127
135 127
128 127
126 127
138 127
140 127
130 127
77 127
115 127
124 127
116 127
68 127
139 127
69 127
142 127
137 127
125 127
132 127
133 127
141 127
134 127
77 128
78 128
80 128
127 128
119 128
68 128
115 128
129 128
124 128
69 128
125 128
79 128
185 128
132 128
133 128
126 128
116 128
120 128
131 128
128 128
184 128
167 128
166 128
134 128
176 128
183 128
175 128
130 128
170 128
171 128
178 128
177 128
180 128
179 128
181 128
182 128
80 129
79 129
185 129
127 129
120 129
184 129
131 129
119 129
129 129
167 129
78 129
166 129
183 129
128 129
77 129
126 129
130 129
115 129
171 129
176 129
124 129
170 129
175 129
68 129
116 129
125 129
69 129
132 129
133 129
179 129
177 129
178 129
134 129
180 129
182 129
181 129
78 130
77 130
80 130
68 130
69 130
115 130
124 130
119 130
127 130
132 130
125 130
116 130
145 130
89 130
129 130
133 130
88 130
126 130
120 130
144 130
185 130
134 130
128 130
79 130
143 130
184 130
131 130
136 130
135 130
167 130
166 130
196 130
91 130
138 130
183 130
90 130
140 130
176 130
175 130
195 130
170 130
178 130
139 130
137 130
194 130
171 130
177 130
130 130
180 130
142 130
182 130
187 130
179 130
181 130
186 130
191 130
190 130
189 130
141 130
188 130
193 130
192 130
80 131
79 131
127 131
120 131
145 131
89 131
88 131
90 131
129 131
144 131
119 131
143 131
185 131
78 131
131 131
91 131
136 131
167 131
166 131
184 131
77 131
196 131
128 131
126 131
115 131
130 131
68 131
135 131
195 131
124 131
171 131
140 131
138 131
69 131
170 131
116 131
194 131
187 131
125 131
183 131
142 131
132 131
133 131
139 131
175 131
137 131
176 131
178 131
141 131
134 131
177 131
180 131
179 131
182 131
181 131
191 131
189 131
186 131
193 131
190 131
188 131
192 131
80 132
79 132
129 132
119 132
120 132
127 132
131 132
128 132
126 132
130 132
78 132
77 132
116 132
68 132
115 132
69 132
124 132
125 132
80 133
79 133
127 133
129 133
119 133
120 133
131 133
128 133
126 133
130 133
77 133
78 133
116 133
115 133
68 133
69 133
124 133
125 133
79 134
80 134
127 134
129 134
131 134
119 134
120 134
130 134
128 134
126 134
78 134
115 134
68 134
69 134
77 134
116 134
124 134
125 134
131 135
91 135
90 135
130 135
80 135
127 135
140 135
138 135
89 135
88 135
126 135
137 135
139 135
136 135
142 135
143 135
135 135
79 135
144 135
141 135
145 135
131 136
91 136
90 136
130 136
140 136
138 136
127 136
137 136
142 136
80 136
139 136
89 136
141 136
88 136
135 136
126 136
79 136
136 136
143 136
144 136
145 136
80 137
131 137
127 137
89 137
88 137
91 137
90 137
126 137
130 137
138 137
140 137
135 137
136 137
98 137
143 137
144 137
79 137
97 137
139 137
142 137
137 137
147 137
145 137
146 137
150 137
151 137
141 137
152 137
148 137
149 137
131 138
91 138
90 138
130 138
98 138
97 138
140 138
152 138
127 138
138 138
142 138
80 138
151 138
150 138
139 138
89 138
137 138
88 138
147 138
126 138
141 138
146 138
135 138
79 138
136 138
149 138
148 138
143 138
144 138
145 138
80 139
127 139
89 139
131 139
88 139
126 139
79 139
143 139
196 139
91 139
136 139
144 139
135 139
138 139
140 139
145 139
195 139
90 139
178 139
137 139
194 139
130 139
142 139
139 139
177 139
187 139
182 139
186 139
189 139
181 139
191 139
190 139
141 139
188 139
193 139
192 139
131 140
91 140
90 140
196 140
130 140
195 140
138 140
127 140
194 140
80 140
140 140
178 140
89 140
187 140
142 140
88 140
137 140
139 140
177 140
126 140
182 140
181 140
135 140
141 140
136 140
143 140
79 140
189 140
191 140
144 140
186 140
145 140
188 140
190 140
193 140
192 140
80 141
89 141
127 141
88 141
126 141
131 141
79 141
136 141
143 141
144 141
135 141
91 141
138 141
196 141
98 141
140 141
90 141
139 141
145 141
182 141
97 141
177 141
130 141
137 141
181 141
146 141
178 141
195 141
191 141
194 141
147 141
150 141
187 141
142 141
151 141
152 141
149 141
148 141
190 141
186 141
189 141
188 141
197 141
198 141
201 141
193 141
141 141
202 141
192 141
199 141
203 141
200 141
131 142
91 142
90 142
196 142
80 142
140 142
130 142
97 142
127 142
98 142
195 142
138 142
178 142
89 142
88 142
194 142
152 142
137 142
126 142
139 142
187 142
177 142
142 142
182 142
135 142
151 142
136 142
150 142
181 142
79 142
147 142
191 142
143 142
189 142
146 142
141 142
186 142
144 142
148 142
149 142
203 142
145 142
202 142
201 142
198 142
190 142
197 142
188 142
193 142
192 142
199 142
200 142
91 143
90 143
131 143
140 143
130 143
138 143
142 143
137 143
139 143
127 143
80 143
141 143
89 143
88 143
126 143
135 143
79 143
136 143
90 144
131 144
91 144
138 144
130 144
140 144
137 144
139 144
142 144
141 144
127 144
80 144
89 144
88 144
126 144
135 144
79 144
136 144
90 145
91 145
131 145
138 145
140 145
130 145
142 145
139 145
137 145
141 145
127 145
80 145
89 145
88 145
79 145
126 145
135 145
136 145
142 146
138 146
141 146
91 146
98 146
97 146
149 146
90 146
137 146
148 146
146 146
147 146
150 146
151 146
152 146
142 147
148 147
141 147
138 147
149 147
91 147
98 147
97 147
90 147
137 147
146 147
147 147
150 147
151 147
152 147
142 148
138 148
91 148
98 148
141 148
189 148
97 148
90 148
137 148
146 148
149 148
147 148
148 148
150 148
152 148
203 148
151 148
197 148
202 148
201 148
188 148
198 148
193 148
192 148
199 148
200 148
142 149
141 149
138 149
91 149
189 149
98 149
148 149
97 149
90 149
146 149
149 149
137 149
147 149
150 149
151 149
203 149
202 149
197 149
152 149
201 149
188 149
198 149
193 149
192 149
199 149
200 149
142 150
141 150
148 150
138 150
149 150
91 150
98 150
97 150
90 150
137 150
146 150
147 150
142 151
141 151
149 151
148 151
138 151
98 151
97 151
91 151
90 151
137 151
146 151
147 151
142 152
141 152
149 152
148 152
91 152
98 152
90 152
138 152
97 152
137 152
146 152
147 152
107 153
109 153
108 153
106 153
155 153
154 153
156 153
161 153
157 153
162 153
153 153
163 153
158 153
160 153
159 153
109 154
157 154
108 154
158 154
159 154
107 154
160 154
106 154
155 154
153 154
156 154
154 154
161 154
162 154
163 154
117 155
109 155
108 155
107 155
119 155
106 155
118 155
164 155
161 155
156 155
154 155
168 155
153 155
155 155
162 155
173 155
174 155
172 155
165 155
163 155
120 155
158 155
157 155
160 155
167 155
159 155
170 155
166 155
169 155
171 155
117 156
109 156
108 156
157 156
158 156
107 156
118 156
106 156
119 156
168 156
159 156
155 156
153 156
160 156
164 156
174 156
162 156
156 156
154 156
161 156
165 156
173 156
170 156
172 156
163 156
120 156
169 156
171 156
167 156
166 156
109 157
108 157
107 157
106 157
163 157
162 157
156 157
154 157
161 157
155 157
153 157
158 157
160 157
159 157
206 157
204 157
157 157
207 157
205 157
208 157
209 157
210 157
109 158
108 158
107 158
157 158
106 158
159 158
155 158
153 158
154 158
158 158
156 158
160 158
162 158
161 158
163 158
206 158
207 158
204 158
205 158
208 158
209 158
210 158
117 159
109 159
108 159
107 159
164 159
119 159
106 159
163 159
162 159
161 159
154 159
118 159
156 159
120 159
172 159
155 159
165 159
153 159
173 159
174 159
167 159
168 159
166 159
158 159
160 159
169 159
215 159
206 159
157 159
212 159
211 159
204 159
159 159
207 159
205 159
208 159
209 159
210 159
216 159
217 159
170 159
213 159
214 159
171 159
117 160
107 160
109 160
108 160
106 160
119 160
118 160
168 160
164 160
157 160
155 160
153 160
159 160
154 160
158 160
156 160
161 160
162 160
174 160
173 160
165 160
172 160
160 160
163 160
120 160
170 160
167 160
166 160
212 160
217 160
215 160
206 160
169 160
171 160
204 160
207 160
205 160
208 160
209 160
210 160
211 160
216 160
213 160
214 160
157 161
158 161
109 161
108 161
159 161
160 161
107 161
155 161
106 161
153 161
156 161
154 161
157 162
159 162
158 162
109 162
108 162
160 162
107 162
155 162
156 162
106 162
153 162
154 162
157 163
158 163
159 163
109 163
160 163
108 163
107 163
155 163
156 163
106 163
153 163
154 163
159 164
169 164
160 164
168 164
117 164
171 164
170 164
119 164
109 164
118 164
108 164
155 164
156 164
165 164
172 164
173 164
164 164
167 164
166 164
174 164
120 164
120 165
119 165
166 165
167 165
168 165
117 165
159 165
160 165
109 165
170 165
169 165
156 165
155 165
108 165
171 165
118 165
164 165
165 165
172 165
173 165
174 165
159 166
117 166
168 166
169 166
171 166
129 166
160 166
170 166
118 166
109 166
119 166
155 166
185 166
108 166
156 166
164 166
165 166
180 166
131 166
173 166
172 166
167 166
174 166
184 166
128 166
120 166
166 166
182 166
179 166
175 166
183 166
181 166
176 166
130 166
178 166
177 166
119 167
185 167
120 167
129 167
131 167
128 167
184 167
117 167
166 167
109 167
160 167
168 167
167 167
159 167
130 167
183 167
156 167
176 167
170 167
108 167
169 167
155 167
118 167
164 167
171 167
178 167
165 167
172 167
175 167
177 167
173 167
180 167
174 167
179 167
182 167
181 167
117 168
159 168
160 168
171 168
170 168
168 168
169 168
217 168
216 168
118 168
109 168
119 168
108 168
215 168
212 168
155 168
164 168
156 168
214 168
211 168
173 168
165 168
172 168
174 168
206 168
207 168
213 168
167 168
166 168
120 168
119 169
120 169
117 169
109 169
167 169
166 169
168 169
108 169
118 169
160 169
155 169
156 169
164 169
159 169
170 169
217 169
212 169
165 169
211 169
169 169
216 169
172 169
215 169
173 169
206 169
207 169
174 169
171 169
214 169
213 169
117 170
159 170
168 170
160 170
129 170
171 170
109 170
108 170
118 170
119 170
170 170
217 170
169 170
216 170
155 170
185 170
164 170
156 170
215 170
212 170
128 170
131 170
174 170
165 170
172 170
173 170
211 170
214 170
167 170
120 170
213 170
207 170
206 170
166 170
184 170
180 170
224 170
179 170
183 170
175 170
223 170
176 170
182 170
222 170
219 170
181 170
218 170
220 170
221 170
177 170
178 170
130 170
119 171
117 171
129 171
185 171
128 171
120 171
131 171
184 171
109 171
167 171
166 171
108 171
118 171
155 171
168 171
156 171
183 171
160 171
164 171
176 171
172 171
165 171
173 171
169 171
159 171
217 171
130 171
175 171
216 171
211 171
215 171
207 171
170 171
174 171
212 171
206 171
178 171
213 171
214 171
171 171
177 171
180 171
179 171
218 171
219 171
222 171
223 171
224 171
181 171
220 171
221 171
182 171
119 172
120 172
167 172
166 172
168 172
159 172
117 172
160 172
170 172
169 172
109 172
171 172
156 172
155 172
108 172
164 172
118 172
165 172
119 173
120 173
167 173
166 173
168 173
159 173
160 173
117 173
170 173
169 173
171 173
109 173
156 173
155 173
108 173
164 173
118 173
165 173
119 174
120 174
167 174
166 174
168 174
159 174
170 174
160 174
117 174
169 174
171 174
156 174
109 174
155 174
108 174
164 174
118 174
165 174
131 175
129 175
130 175
119 175
170 175
166 175
167 175
128 175
171 175
178 175
177 175
120 175
180 175
179 175
183 175
176 175
175 175
184 175
185 175
181 175
182 175
131 176
130 176
170 176
129 176
171 176
178 176
177 176
119 176
180 176
179 176
167 176
128 176
166 176
120 176
182 176
175 176
181 176
176 176
183 176
184 176
185 176
131 177
129 177
119 177
196 177
167 177
166 177
140 177
195 177
128 177
170 177
194 177
130 177
120 177
178 177
187 177
171 177
139 177
175 177
142 177
177 177
183 177
176 177
180 177
179 177
184 177
185 177
189 177
141 177
186 177
191 177
188 177
181 177
190 177
182 177
193 177
192 177
131 178
196 178
195 178
130 178
140 178
129 178
139 178
170 178
194 178
171 178
187 178
119 178
177 178
178 178
167 178
180 178
142 178
166 178
128 178
179 178
120 178
175 178
189 178
186 178
141 178
176 178
182 178
183 178
181 178
191 178
188 178
190 178
184 178
193 178
185 178
192 178
129 179
131 179
119 179
167 179
128 179
166 179
120 179
170 179
175 179
176 179
178 179
213 179
177 179
183 179
214 179
130 179
171 179
184 179
180 179
182 179
185 179
218 179
181 179
179 179
219 179
220 179
221 179
222 179
223 179
224 179
131 180
129 180
170 180
119 180
130 180
171 180
178 180
167 180
177 180
214 180
166 180
128 180
213 180
120 180
224 180
179 180
180 180
223 180
222 180
175 180
218 180
219 180
183 180
176 180
184 180
185 180
181 180
221 180
220 180
182 180
129 181
119 181
131 181
167 181
128 181
166 181
184 181
120 181
196 181
185 181
140 181
170 181
175 181
176 181
183 181
213 181
195 181
139 181
130 181
214 181
177 181
194 181
178 181
182 181
180 181
187 181
142 181
191 181
181 181
171 181
179 181
186 181
190 181
220 181
218 181
221 181
219 181
189 181
188 181
222 181
223 181
141 181
224 181
225 181
229 181
226 181
193 181
230 181
231 181
192 181
227 181
228 181
131 182
129 182
196 182
119 182
140 182
195 182
170 182
130 182
171 182
194 182
178 182
187 182
167 182
166 182
128 182
177 182
213 182
120 182
214 182
139 182
180 182
142 182
179 182
175 182
218 182
222 182
183 182
223 182
224 182
186 182
141 182
176 182
184 182
219 182
189 182
185 182
193 182
188 182
191 182
192 182
221 182
220 182
181 182
190 182
226 182
225 182
227 182
182 182
228 182
229 182
230 182
231 182
131 183
130 183
170 183
171 183
178 183
129 183
177 183
180 183
179 183
119 183
182 183
167 183
181 183
128 183
166 183
120 183
175 183
176 183
131 184
130 184
171 184
170 184
178 184
177 184
179 184
180 184
129 184
182 184
181 184
119 184
166 184
167 184
120 184
128 184
175 184
176 184
131 185
130 185
170 185
171 185
178 185
180 185
177 185
179 185
181 185
182 185
129 185
119 185
120 185
166 185
167 185
128 185
175 185
176 185
131 186
142 186
140 186
189 186
141 186
178 186
188 186
130 186
177 186
139 186
187 186
191 186
181 186
194 186
193 186
195 186
186 186
182 186
192 186
190 186
196 186
142 187
141 187
182 187
181 187
189 187
191 187
193 187
131 187
190 187
192 187
188 187
140 187
139 187
130 187
177 187
186 187
178 187
187 187
194 187
195 187
196 187
131 188
140 188
142 188
130 188
139 188
178 188
149 188
148 188
189 188
177 188
141 188
191 188
197 188
198 188
187 188
181 188
190 188
182 188
195 188
188 188
186 188
194 188
201 188
196 188
193 188
202 188
203 188
192 188
199 188
200 188
142 189
141 189
181 189
182 189
203 189
191 189
131 189
202 189
189 189
148 189
149 189
140 189
201 189
198 189
190 189
197 189
188 189
192 189
193 189
139 189
178 189
177 189
130 189
186 189
199 189
187 189
200 189
194 189
195 189
196 189
131 190
140 190
142 190
139 190
130 190
182 190
177 190
187 190
189 190
194 190
191 190
195 190
141 190
196 190
181 190
178 190
220 190
221 190
188 190
186 190
190 190
226 190
225 190
229 190
193 190
230 190
231 190
192 190
227 190
228 190
142 191
231 191
182 191
181 191
220 191
141 191
131 191
221 191
189 191
230 191
191 191
140 191
229 191
190 191
188 191
226 191
193 191
130 191
225 191
139 191
178 191
192 191
177 191
186 191
187 191
194 191
228 191
195 191
196 191
227 191
131 192
140 192
182 192
139 192
130 192
177 192
194 192
142 192
181 192
187 192
178 192
195 192
191 192
149 192
196 192
148 192
197 192
220 192
190 192
189 192
221 192
186 192
198 192
188 192
141 192
225 192
202 192
226 192
201 192
193 192
231 192
203 192
229 192
199 192
230 192
200 192
227 192
228 192
192 192
232 192
233 192
234 192
235 192
236 192
131 193
142 193
231 193
182 193
191 193
140 193
181 193
141 193
148 193
149 193
189 193
230 193
229 193
220 193
197 193
190 193
130 193
139 193
221 193
226 193
178 193
177 193
188 193
225 193
187 193
198 193
186 193
201 193
194 193
202 193
196 193
193 193
195 193
203 193
227 193
192 193
199 193
200 193
228 193
232 193
233 193
234 193
235 193
236 193
142 194
141 194
182 194
181 194
189 194
191 194
193 194
188 194
190 194
192 194
131 194
140 194
139 194
130 194
177 194
186 194
178 194
187 194
142 195
141 195
181 195
182 195
189 195
191 195
190 195
193 195
188 195
192 195
131 195
140 195
177 195
130 195
139 195
186 195
178 195
187 195
142 196
141 196
182 196
181 196
189 196
191 196
192 196
190 196
188 196
193 196
131 196
140 196
130 196
177 196
178 196
139 196
186 196
187 196
193 197
192 197
142 197
149 197
148 197
200 197
199 197
189 197
188 197
141 197
197 197
198 197
201 197
202 197
203 197
193 198
192 198
199 198
200 198
142 198
149 198
148 198
189 198
188 198
141 198
197 198
198 198
201 198
202 198
203 198
142 199
149 199
192 199
193 199
148 199
200 199
227 199
188 199
189 199
199 199
228 199
197 199
141 199
198 199
202 199
203 199
201 199
232 199
233 199
234 199
235 199
236 199
193 200
192 200
142 200
199 200
149 200
148 200
227 200
200 200
189 200
228 200
188 200
197 200
141 200
198 200
201 200
202 200
203 200
232 200
233 200
234 200
235 200
236 200
193 201
192 201
200 201
199 201
142 201
149 201
148 201
189 201
188 201
141 201
197 201
198 201
193 202
192 202
200 202
199 202
142 202
149 202
148 202
189 202
188 202
141 202
197 202
198 202
193 203
192 203
200 203
199 203
142 203
149 203
148 203
189 203
188 203
141 203
197 203
198 203
160 204
158 204
206 204
159 204
157 204
207 204
204 204
205 204
208 204
209 204
210 204
160 205
206 205
159 205
158 205
207 205
157 205
204 205
205 205
208 205
209 205
210 205
168 206
160 206
170 206
169 206
158 206
171 206
215 206
157 206
159 206
212 206
204 206
206 206
207 206
205 206
208 206
209 206
210 206
211 206
216 206
214 206
217 206
213 206
168 207
170 207
160 207
169 207
171 207
158 207
157 207
206 207
159 207
211 207
213 207
214 207
204 207
207 207
205 207
208 207
209 207
210 207
212 207
215 207
216 207
217 207
160 208
206 208
159 208
158 208
207 208
157 208
204 208
205 208
160 209
206 209
159 209
158 209
207 209
157 209
204 209
205 209
160 210
206 210
159 210
158 210
207 210
157 210
204 210
205 210
170 211
168 211
171 211
160 211
169 211
214 211
206 211
159 211
213 211
207 211
211 211
212 211
215 211
216 211
217 211
170 212
171 212
168 212
160 212
169 212
214 212
213 212
206 212
159 212
207 212
211 212
212 212
215 212
216 212
217 212
168 213
170 213
160 213
169 213
171 213
206 213
180 213
159 213
207 213
214 213
211 213
212 213
213 213
215 213
224 213
216 213
217 213
179 213
223 213
219 213
218 213
222 213
182 213
181 213
221 213
220 213
170 214
168 214
171 214
160 214
169 214
224 214
180 214
213 214
206 214
214 214
159 214
211 214
223 214
207 214
179 214
212 214
222 214
218 214
219 214
215 214
182 214
216 214
181 214
220 214
221 214
217 214
170 215
171 215
168 215
160 215
213 215
214 215
169 215
206 215
159 215
207 215
211 215
212 215
170 216
171 216
214 216
168 216
213 216
160 216
169 216
206 216
159 216
207 216
211 216
212 216
170 217
171 217
214 217
213 217
168 217
160 217
169 217
206 217
159 217
207 217
211 217
212 217
182 218
170 218
214 218
181 218
213 218
221 218
220 218
180 218
171 218
179 218
218 218
219 218
222 218
223 218
224 218
182 219
181 219
170 219
220 219
221 219
214 219
213 219
179 219
180 219
171 219
218 219
219 219
222 219
223 219
224 219
170 220
214 220
182 220
191 220
213 220
181 220
180 220
190 220
171 220
179 220
221 220
231 220
220 220
218 220
230 220
229 220
219 220
222 220
223 220
226 220
193 220
224 220
225 220
192 220
227 220
228 220
182 221
170 221
191 221
181 221
214 221
213 221
190 221
220 221
231 221
230 221
221 221
218 221
180 221
179 221
193 221
171 221
229 221
219 221
222 221
223 221
226 221
225 221
224 221
192 221
227 221
228 221
182 222
181 222
220 222
170 222
221 222
214 222
213 222
179 222
171 222
180 222
218 222
219 222
182 223
181 223
221 223
220 223
170 223
214 223
213 223
180 223
171 223
179 223
218 223
219 223
182 224
181 224
220 224
221 224
170 224
214 224
213 224
180 224
171 224
179 224
218 224
219 224
193 225
192 225
221 225
191 225
220 225
228 225
181 225
227 225
182 225
190 225
225 225
226 225
229 225
230 225
231 225
192 226
193 226
227 226
228 226
191 226
220 226
221 226
181 226
182 226
190 226
225 226
226 226
229 226
230 226
231 226
193 227
192 227
191 227
221 227
220 227
200 227
199 227
181 227
228 227
190 227
182 227
225 227
227 227
229 227
226 227
230 227
231 227
232 227
233 227
234 227
235 227
236 227
193 228
192 228
199 228
200 228
221 228
227 228
191 228
220 228
181 228
228 228
182 228
225 228
190 228
226 228
229 228
230 228
231 228
232 228
233 228
234 228
235 228
236 228
193 229
192 229
228 229
227 229
191 229
221 229
220 229
181 229
182 229
190 229
225 229
226 229
193 230
192 230
228 230
227 230
191 230
221 230
220 230
181 230
182 230
190 230
225 230
226 230
193 231
192 231
228 231
227 231
191 231
221 231
181 231
220 231
182 231
190 231
225 231
226 231
192 232
193 232
199 232
200 232
227 232
228 232
232 232
233 232
234 232
235 232
236 232
192 233
193 233
199 233
200 233
227 233
228 233
232 233
233 233
234 233
235 233
236 233
192 234
193 234
199 234
200 234
227 234
228 234
232 234
233 234
192 235
193 235
199 235
200 235
227 235
228 235
232 235
233 235
192 236
193 236
199 236
200 236
227 236
228 236
232 236
233 236
