27 279
1 1
2 1
10 1
11 1
19 1
20 1
1 2
2 2
3 2
4 2
10 2
11 2
12 2
13 2
19 2
20 2
21 2
22 2
2 3
3 3
4 3
11 3
12 3
13 3
20 3
21 3
22 3
2 4
3 4
4 4
5 4
6 4
11 4
12 4
13 4
14 4
15 4
20 4
21 4
22 4
23 4
24 4
4 5
5 5
6 5
13 5
14 5
15 5
22 5
23 5
24 5
4 6
5 6
6 6
7 6
8 6
13 6
14 6
15 6
16 6
17 6
22 6
23 6
24 6
25 6
26 6
6 7
7 7
8 7
15 7
16 7
17 7
24 7
25 7
26 7
6 8
7 8
8 8
9 8
15 8
16 8
17 8
18 8
24 8
25 8
26 8
27 8
8 9
9 9
17 9
18 9
26 9
27 9
1 10
2 10
10 10
11 10
19 10
20 10
1 11
2 11
3 11
4 11
10 11
11 11
12 11
13 11
19 11
20 11
21 11
22 11
2 12
3 12
4 12
11 12
12 12
13 12
20 12
21 12
22 12
2 13
3 13
4 13
5 13
6 13
11 13
12 13
13 13
14 13
15 13
20 13
21 13
22 13
23 13
24 13
4 14
5 14
6 14
13 14
14 14
15 14
22 14
23 14
24 14
4 15
5 15
6 15
7 15
8 15
13 15
14 15
15 15
16 15
17 15
22 15
23 15
24 15
25 15
26 15
6 16
7 16
8 16
15 16
16 16
17 16
24 16
25 16
26 16
6 17
7 17
8 17
9 17
15 17
16 17
17 17
18 17
24 17
25 17
26 17
27 17
8 18
9 18
17 18
18 18
26 18
27 18
1 19
2 19
10 19
11 19
19 19
20 19
1 20
2 20
3 20
4 20
10 20
11 20
12 20
13 20
19 20
20 20
21 20
22 20
2 21
3 21
4 21
11 21
12 21
13 21
20 21
21 21
22 21
2 22
3 22
4 22
5 22
6 22
11 22
12 22
13 22
14 22
15 22
20 22
21 22
22 22
23 22
24 22
4 23
5 23
6 23
13 23
14 23
15 23
22 23
23 23
24 23
4 24
5 24
6 24
7 24
8 24
13 24
14 24
15 24
16 24
17 24
22 24
23 24
24 24
25 24
26 24
6 25
7 25
8 25
15 25
16 25
17 25
24 25
25 25
26 25
6 26
7 26
8 26
9 26
15 26
16 26
17 26
18 26
24 26
25 26
26 26
27 26
8 27
9 27
17 27
18 27
26 27
27 27
