216 4374
1 1
2 1
3 1
4 1
6 1
8 1
24 1
25 1
26 1
30 1
31 1
36 1
38 1
1 2
2 2
3 2
4 2
6 2
8 2
24 2
25 2
26 2
30 2
31 2
36 2
38 2
1 3
2 3
3 3
4 3
6 3
8 3
24 3
25 3
26 3
30 3
31 3
36 3
38 3
1 4
2 4
3 4
4 4
6 4
8 4
24 4
25 4
26 4
30 4
31 4
36 4
38 4
5 5
9 5
25 5
26 5
30 5
32 5
37 5
38 5
1 6
2 6
3 6
4 6
6 6
7 6
8 6
10 6
12 6
14 6
24 6
25 6
26 6
27 6
30 6
31 6
36 6
38 6
39 6
45 6
47 6
6 7
7 7
8 7
10 7
12 7
14 7
26 7
27 7
36 7
38 7
39 7
45 7
47 7
1 8
2 8
3 8
4 8
6 8
7 8
8 8
10 8
12 8
14 8
24 8
25 8
26 8
27 8
30 8
31 8
36 8
38 8
39 8
45 8
47 8
5 9
9 9
11 9
15 9
25 9
26 9
27 9
30 9
32 9
37 9
38 9
40 9
46 9
47 9
6 10
7 10
8 10
10 10
12 10
14 10
26 10
27 10
36 10
38 10
39 10
45 10
47 10
9 11
11 11
15 11
26 11
27 11
37 11
38 11
40 11
46 11
47 11
6 12
7 12
8 12
10 12
12 12
13 12
14 12
16 12
18 12
20 12
26 12
27 12
28 12
36 12
38 12
39 12
45 12
47 12
48 12
54 12
56 12
12 13
13 13
14 13
16 13
18 13
20 13
27 13
28 13
45 13
47 13
48 13
54 13
56 13
6 14
7 14
8 14
10 14
12 14
13 14
14 14
16 14
18 14
20 14
26 14
27 14
28 14
36 14
38 14
39 14
45 14
47 14
48 14
54 14
56 14
9 15
11 15
15 15
17 15
21 15
26 15
27 15
28 15
37 15
38 15
40 15
46 15
47 15
49 15
55 15
56 15
12 16
13 16
14 16
16 16
18 16
20 16
27 16
28 16
45 16
47 16
48 16
54 16
56 16
15 17
17 17
21 17
27 17
28 17
46 17
47 17
49 17
55 17
56 17
12 18
13 18
14 18
16 18
18 18
19 18
20 18
22 18
27 18
28 18
29 18
45 18
47 18
48 18
54 18
56 18
57 18
59 18
18 19
19 19
20 19
22 19
28 19
29 19
54 19
56 19
57 19
59 19
12 20
13 20
14 20
16 20
18 20
19 20
20 20
22 20
27 20
28 20
29 20
45 20
47 20
48 20
54 20
56 20
57 20
59 20
15 21
17 21
21 21
23 21
27 21
28 21
29 21
46 21
47 21
49 21
55 21
56 21
58 21
59 21
18 22
19 22
20 22
22 22
28 22
29 22
54 22
56 22
57 22
59 22
21 23
23 23
28 23
29 23
55 23
56 23
58 23
59 23
1 24
2 24
3 24
4 24
6 24
8 24
24 24
25 24
26 24
31 24
33 24
34 24
36 24
38 24
41 24
64 24
65 24
66 24
71 24
73 24
1 25
2 25
3 25
4 25
5 25
6 25
8 25
9 25
24 25
25 25
31 25
32 25
36 25
37 25
1 26
2 26
3 26
4 26
5 26
6 26
7 26
8 26
9 26
10 26
11 26
12 26
14 26
15 26
24 26
26 26
31 26
32 26
36 26
37 26
39 26
40 26
45 26
46 26
6 27
7 27
8 27
9 27
10 27
11 27
12 27
13 27
14 27
15 27
16 27
17 27
18 27
20 27
21 27
27 27
36 27
37 27
39 27
40 27
45 27
46 27
48 27
49 27
54 27
55 27
12 28
13 28
14 28
15 28
16 28
17 28
18 28
19 28
20 28
21 28
22 28
23 28
28 28
45 28
46 28
48 28
49 28
54 28
55 28
57 28
58 28
18 29
19 29
20 29
21 29
22 29
23 29
29 29
54 29
55 29
57 29
58 29
1 30
2 30
3 30
4 30
5 30
6 30
8 30
9 30
30 30
32 30
33 30
34 30
35 30
36 30
37 30
41 30
42 30
64 30
66 30
67 30
71 30
72 30
1 31
2 31
3 31
4 31
6 31
8 31
24 31
25 31
26 31
31 31
33 31
34 31
36 31
38 31
41 31
64 31
65 31
66 31
71 31
73 31
5 32
9 32
25 32
26 32
30 32
32 32
35 32
37 32
38 32
42 32
65 32
67 32
72 32
73 32
24 33
30 33
31 33
33 33
34 33
36 33
38 33
41 33
64 33
65 33
66 33
71 33
73 33
24 34
30 34
31 34
33 34
34 34
36 34
38 34
41 34
64 34
65 34
66 34
71 34
73 34
30 35
32 35
35 35
37 35
38 35
42 35
65 35
67 35
72 35
73 35
1 36
2 36
3 36
4 36
6 36
7 36
8 36
10 36
12 36
14 36
24 36
25 36
26 36
27 36
30 36
31 36
33 36
34 36
36 36
38 36
39 36
41 36
43 36
45 36
47 36
50 36
64 36
65 36
66 36
71 36
73 36
74 36
80 36
82 36
5 37
9 37
11 37
15 37
25 37
26 37
27 37
30 37
32 37
35 37
37 37
38 37
40 37
42 37
44 37
46 37
47 37
51 37
65 37
67 37
72 37
73 37
75 37
81 37
82 37
1 38
2 38
3 38
4 38
5 38
6 38
7 38
8 38
9 38
10 38
11 38
12 38
14 38
15 38
24 38
31 38
32 38
33 38
34 38
35 38
36 38
37 38
38 38
39 38
40 38
41 38
42 38
43 38
44 38
45 38
46 38
50 38
51 38
64 38
66 38
67 38
71 38
72 38
74 38
75 38
80 38
81 38
6 39
7 39
8 39
10 39
12 39
14 39
26 39
27 39
36 39
38 39
39 39
41 39
43 39
45 39
47 39
50 39
71 39
73 39
74 39
80 39
82 39
9 40
11 40
15 40
26 40
27 40
37 40
38 40
40 40
42 40
44 40
46 40
47 40
51 40
72 40
73 40
75 40
81 40
82 40
24 41
30 41
31 41
33 41
34 41
36 41
38 41
39 41
41 41
43 41
45 41
47 41
50 41
64 41
65 41
66 41
71 41
73 41
74 41
80 41
82 41
30 42
32 42
35 42
37 42
38 42
40 42
42 42
44 42
46 42
47 42
51 42
65 42
67 42
72 42
73 42
75 42
81 42
82 42
36 43
38 43
39 43
41 43
43 43
45 43
47 43
50 43
71 43
73 43
74 43
80 43
82 43
37 44
38 44
40 44
42 44
44 44
46 44
47 44
51 44
72 44
73 44
75 44
81 44
82 44
6 45
7 45
8 45
10 45
12 45
13 45
14 45
16 45
18 45
20 45
26 45
27 45
28 45
36 45
38 45
39 45
41 45
43 45
45 45
47 45
48 45
50 45
52 45
54 45
56 45
60 45
71 45
73 45
74 45
80 45
82 45
83 45
89 45
91 45
9 46
11 46
15 46
17 46
21 46
26 46
27 46
28 46
37 46
38 46
40 46
42 46
44 46
46 46
47 46
49 46
51 46
53 46
55 46
56 46
61 46
72 46
73 46
75 46
81 46
82 46
84 46
90 46
91 46
6 47
7 47
8 47
9 47
10 47
11 47
12 47
13 47
14 47
15 47
16 47
17 47
18 47
20 47
21 47
36 47
37 47
39 47
40 47
41 47
42 47
43 47
44 47
45 47
46 47
47 47
48 47
49 47
50 47
51 47
52 47
53 47
54 47
55 47
60 47
61 47
71 47
72 47
74 47
75 47
80 47
81 47
83 47
84 47
89 47
90 47
12 48
13 48
14 48
16 48
18 48
20 48
27 48
28 48
45 48
47 48
48 48
50 48
52 48
54 48
60 48
80 48
82 48
83 48
89 48
91 48
15 49
17 49
21 49
27 49
28 49
46 49
47 49
49 49
51 49
53 49
55 49
56 49
61 49
81 49
82 49
84 49
90 49
91 49
36 50
38 50
39 50
41 50
43 50
45 50
47 50
48 50
50 50
52 50
54 50
56 50
60 50
71 50
73 50
74 50
80 50
82 50
83 50
89 50
91 50
37 51
38 51
40 51
42 51
44 51
46 51
47 51
49 51
51 51
53 51
55 51
56 51
61 51
72 51
73 51
75 51
81 51
82 51
84 51
90 51
91 51
45 52
47 52
48 52
50 52
52 52
54 52
56 52
60 52
80 52
82 52
83 52
89 52
91 52
46 53
47 53
49 53
51 53
53 53
55 53
56 53
61 53
81 53
82 53
84 53
90 53
91 53
12 54
13 54
14 54
16 54
18 54
19 54
20 54
22 54
27 54
28 54
29 54
45 54
47 54
48 54
50 54
52 54
54 54
56 54
57 54
59 54
60 54
62 54
80 54
82 54
83 54
89 54
91 54
92 54
94 54
15 55
17 55
21 55
23 55
27 55
28 55
29 55
46 55
47 55
49 55
51 55
53 55
55 55
56 55
58 55
59 55
61 55
63 55
81 55
82 55
84 55
90 55
91 55
93 55
94 55
12 56
13 56
14 56
15 56
16 56
17 56
18 56
19 56
20 56
21 56
22 56
23 56
45 56
46 56
49 56
50 56
51 56
52 56
53 56
54 56
55 56
56 56
57 56
58 56
60 56
61 56
62 56
63 56
80 56
81 56
83 56
84 56
89 56
90 56
92 56
93 56
18 57
19 57
20 57
22 57
28 57
29 57
54 57
56 57
57 57
59 57
60 57
62 57
89 57
91 57
92 57
94 57
21 58
23 58
28 58
29 58
55 58
56 58
58 58
59 58
61 58
63 58
90 58
91 58
93 58
94 58
18 59
19 59
20 59
21 59
22 59
23 59
54 59
55 59
57 59
58 59
59 59
60 59
61 59
62 59
63 59
89 59
90 59
92 59
93 59
45 60
47 60
48 60
50 60
52 60
54 60
56 60
57 60
59 60
60 60
62 60
80 60
82 60
83 60
89 60
91 60
92 60
94 60
46 61
47 61
49 61
51 61
53 61
55 61
56 61
58 61
59 61
61 61
63 61
81 61
82 61
84 61
90 61
91 61
93 61
94 61
54 62
56 62
57 62
59 62
60 62
62 62
89 62
91 62
92 62
94 62
55 63
56 63
58 63
59 63
61 63
63 63
90 63
91 63
93 63
94 63
24 64
30 64
31 64
33 64
34 64
36 64
38 64
41 64
64 64
66 64
68 64
69 64
71 64
73 64
76 64
122 64
123 64
124 64
126 64
128 64
24 65
31 65
32 65
33 65
34 65
35 65
36 65
37 65
41 65
42 65
65 65
66 65
67 65
68 65
69 65
70 65
71 65
72 65
76 65
77 65
122 65
124 65
125 65
126 65
127 65
24 66
30 66
31 66
33 66
34 66
36 66
38 66
41 66
64 66
65 66
66 66
68 66
69 66
71 66
76 66
122 66
123 66
124 66
126 66
128 66
30 67
32 67
35 67
37 67
38 67
42 67
65 67
67 67
70 67
72 67
73 67
77 67
123 67
125 67
127 67
128 67
64 68
65 68
66 68
68 68
69 68
71 68
73 68
76 68
122 68
123 68
124 68
126 68
128 68
64 69
65 69
66 69
68 69
69 69
71 69
73 69
76 69
122 69
123 69
124 69
126 69
128 69
65 70
67 70
70 70
72 70
73 70
77 70
123 70
125 70
127 70
128 70
24 71
30 71
31 71
33 71
34 71
36 71
38 71
39 71
41 71
43 71
45 71
47 71
50 71
64 71
65 71
66 71
68 71
69 71
71 71
73 71
74 71
76 71
78 71
80 71
82 71
85 71
113 71
115 71
117 71
122 71
123 71
124 71
126 71
128 71
30 72
32 72
35 72
37 72
38 72
40 72
42 72
44 72
46 72
47 72
51 72
65 72
67 72
70 72
72 72
73 72
75 72
77 72
79 72
81 72
82 72
86 72
114 72
116 72
117 72
123 72
125 72
127 72
128 72
24 73
31 73
32 73
33 73
34 73
35 73
36 73
37 73
39 73
40 73
41 73
42 73
43 73
44 73
45 73
46 73
50 73
51 73
64 73
67 73
68 73
69 73
70 73
71 73
72 73
73 73
74 73
75 73
76 73
77 73
78 73
79 73
80 73
81 73
85 73
86 73
113 73
114 73
115 73
116 73
122 73
124 73
125 73
126 73
127 73
36 74
38 74
39 74
41 74
43 74
45 74
47 74
50 74
71 74
73 74
74 74
76 74
78 74
80 74
82 74
85 74
113 74
115 74
117 74
126 74
128 74
37 75
38 75
40 75
42 75
44 75
46 75
47 75
51 75
72 75
73 75
75 75
77 75
79 75
81 75
82 75
86 75
114 75
116 75
117 75
127 75
128 75
64 76
65 76
66 76
68 76
69 76
71 76
73 76
74 76
76 76
78 76
80 76
82 76
85 76
113 76
115 76
117 76
122 76
123 76
124 76
126 76
128 76
65 77
67 77
70 77
72 77
73 77
75 77
77 77
79 77
81 77
82 77
86 77
114 77
116 77
117 77
123 77
125 77
127 77
128 77
71 78
73 78
74 78
76 78
78 78
80 78
82 78
85 78
113 78
115 78
117 78
126 78
128 78
72 79
73 79
75 79
77 79
79 79
81 79
82 79
86 79
114 79
116 79
117 79
127 79
128 79
36 80
38 80
39 80
41 80
43 80
45 80
47 80
48 80
50 80
52 80
54 80
56 80
60 80
71 80
73 80
74 80
76 80
78 80
80 80
82 80
83 80
85 80
87 80
89 80
91 80
95 80
104 80
106 80
108 80
113 80
115 80
117 80
126 80
128 80
37 81
38 81
40 81
42 81
44 81
46 81
47 81
49 81
51 81
53 81
55 81
56 81
61 81
72 81
73 81
75 81
77 81
79 81
81 81
82 81
84 81
86 81
88 81
90 81
91 81
96 81
105 81
107 81
108 81
114 81
116 81
117 81
127 81
128 81
36 82
37 82
39 82
40 82
41 82
42 82
43 82
44 82
45 82
46 82
48 82
49 82
50 82
51 82
52 82
53 82
54 82
55 82
60 82
61 82
71 82
72 82
74 82
75 82
76 82
77 82
78 82
79 82
80 82
81 82
82 82
83 82
84 82
85 82
86 82
87 82
88 82
89 82
90 82
95 82
96 82
104 82
105 82
106 82
107 82
113 82
114 82
115 82
116 82
126 82
127 82
45 83
47 83
48 83
50 83
52 83
54 83
56 83
60 83
80 83
82 83
83 83
85 83
87 83
89 83
91 83
95 83
104 83
106 83
108 83
115 83
117 83
46 84
47 84
49 84
51 84
53 84
55 84
56 84
61 84
81 84
82 84
84 84
86 84
88 84
90 84
91 84
96 84
105 84
107 84
108 84
116 84
117 84
71 85
73 85
74 85
76 85
78 85
80 85
82 85
83 85
85 85
87 85
89 85
91 85
95 85
104 85
106 85
108 85
113 85
115 85
117 85
126 85
128 85
72 86
73 86
75 86
77 86
79 86
81 86
82 86
84 86
86 86
88 86
90 86
91 86
96 86
105 86
107 86
108 86
114 86
116 86
117 86
127 86
128 86
80 87
82 87
83 87
85 87
87 87
89 87
91 87
95 87
104 87
106 87
108 87
115 87
117 87
81 88
82 88
84 88
86 88
88 88
90 88
91 88
96 88
105 88
107 88
108 88
116 88
117 88
45 89
47 89
48 89
50 89
52 89
54 89
56 89
57 89
59 89
60 89
62 89
80 89
82 89
83 89
85 89
87 89
89 89
91 89
92 89
94 89
95 89
97 89
99 89
101 89
104 89
106 89
108 89
115 89
117 89
46 90
47 90
49 90
51 90
53 90
55 90
56 90
58 90
59 90
61 90
63 90
81 90
82 90
84 90
86 90
88 90
90 90
91 90
93 90
94 90
96 90
98 90
100 90
101 90
105 90
107 90
108 90
116 90
117 90
45 91
46 91
48 91
49 91
50 91
51 91
52 91
53 91
54 91
55 91
57 91
58 91
60 91
61 91
62 91
63 91
80 91
81 91
83 91
84 91
85 91
86 91
87 91
88 91
89 91
90 91
91 91
92 91
93 91
95 91
96 91
97 91
98 91
99 91
100 91
104 91
105 91
106 91
107 91
115 91
116 91
54 92
56 92
57 92
59 92
60 92
62 92
89 92
91 92
92 92
94 92
95 92
97 92
99 92
101 92
106 92
108 92
55 93
56 93
58 93
59 93
61 93
63 93
90 93
91 93
93 93
94 93
96 93
98 93
100 93
101 93
107 93
108 93
54 94
55 94
57 94
58 94
60 94
61 94
62 94
63 94
89 94
90 94
92 94
93 94
94 94
95 94
96 94
97 94
98 94
99 94
100 94
106 94
107 94
80 95
82 95
83 95
85 95
87 95
89 95
91 95
92 95
94 95
95 95
97 95
99 95
101 95
104 95
106 95
108 95
115 95
117 95
81 96
82 96
84 96
86 96
88 96
90 96
91 96
93 96
94 96
96 96
98 96
100 96
101 96
105 96
107 96
108 96
116 96
117 96
89 97
91 97
92 97
94 97
95 97
97 97
99 97
101 97
106 97
108 97
90 98
91 98
93 98
94 98
96 98
98 98
100 98
101 98
107 98
108 98
89 99
91 99
92 99
94 99
95 99
97 99
99 99
101 99
102 99
106 99
108 99
111 99
134 99
136 99
146 99
148 99
90 100
91 100
93 100
94 100
96 100
98 100
100 100
101 100
103 100
107 100
108 100
112 100
135 100
136 100
147 100
148 100
89 101
90 101
92 101
93 101
95 101
96 101
97 101
98 101
99 101
100 101
101 101
102 101
103 101
106 101
107 101
111 101
112 101
134 101
135 101
146 101
147 101
99 102
101 102
102 102
106 102
108 102
111 102
134 102
136 102
146 102
148 102
100 103
101 103
103 103
107 103
108 103
112 103
135 103
136 103
147 103
148 103
80 104
82 104
83 104
85 104
87 104
89 104
91 104
95 104
104 104
106 104
108 104
109 104
111 104
115 104
117 104
120 104
146 104
148 104
149 104
162 104
164 104
81 105
82 105
84 105
86 105
88 105
90 105
91 105
96 105
105 105
107 105
108 105
110 105
112 105
116 105
117 105
121 105
147 105
148 105
150 105
163 105
164 105
80 106
82 106
83 106
85 106
87 106
89 106
91 106
92 106
94 106
95 106
97 106
99 106
101 106
102 106
104 106
106 106
108 106
109 106
111 106
115 106
117 106
120 106
134 106
136 106
146 106
148 106
149 106
162 106
164 106
81 107
82 107
84 107
86 107
88 107
90 107
91 107
93 107
94 107
96 107
98 107
100 107
101 107
103 107
105 107
107 107
108 107
110 107
112 107
116 107
117 107
121 107
135 107
136 107
147 107
148 107
150 107
163 107
164 107
80 108
81 108
83 108
84 108
85 108
86 108
87 108
88 108
89 108
90 108
92 108
93 108
95 108
96 108
97 108
98 108
99 108
100 108
102 108
103 108
104 108
105 108
106 108
107 108
108 108
109 108
110 108
111 108
112 108
115 108
116 108
120 108
121 108
134 108
135 108
146 108
147 108
149 108
150 108
162 108
163 108
104 109
106 109
108 109
109 109
111 109
115 109
117 109
120 109
146 109
148 109
149 109
162 109
164 109
105 110
107 110
108 110
110 110
112 110
116 110
117 110
121 110
147 110
148 110
150 110
163 110
164 110
99 111
101 111
102 111
104 111
106 111
108 111
109 111
111 111
115 111
117 111
120 111
134 111
136 111
146 111
148 111
149 111
162 111
164 111
100 112
101 112
103 112
105 112
107 112
108 112
110 112
112 112
116 112
117 112
121 112
135 112
136 112
147 112
148 112
150 112
163 112
164 112
71 113
73 113
74 113
76 113
78 113
80 113
82 113
85 113
113 113
115 113
117 113
118 113
120 113
126 113
128 113
132 113
162 113
164 113
165 113
167 113
168 113
72 114
73 114
75 114
77 114
79 114
81 114
82 114
86 114
114 114
116 114
117 114
119 114
121 114
127 114
128 114
133 114
163 114
164 114
166 114
167 114
169 114
71 115
73 115
74 115
76 115
78 115
80 115
82 115
83 115
85 115
87 115
89 115
91 115
95 115
104 115
106 115
108 115
109 115
111 115
113 115
115 115
117 115
118 115
120 115
126 115
128 115
132 115
146 115
148 115
149 115
162 115
164 115
165 115
167 115
168 115
72 116
73 116
75 116
77 116
79 116
81 116
82 116
84 116
86 116
88 116
90 116
91 116
96 116
105 116
107 116
108 116
110 116
112 116
114 116
116 116
117 116
119 116
121 116
127 116
128 116
133 116
147 116
148 116
150 116
163 116
164 116
166 116
167 116
169 116
71 117
72 117
74 117
75 117
76 117
77 117
78 117
79 117
80 117
81 117
83 117
84 117
85 117
86 117
87 117
88 117
89 117
90 117
95 117
96 117
104 117
105 117
106 117
107 117
109 117
110 117
111 117
112 117
113 117
114 117
115 117
116 117
117 117
118 117
119 117
120 117
121 117
126 117
127 117
132 117
133 117
146 117
147 117
149 117
150 117
162 117
163 117
165 117
166 117
168 117
169 117
113 118
115 118
117 118
118 118
120 118
126 118
128 118
132 118
162 118
164 118
165 118
167 118
168 118
114 119
116 119
117 119
119 119
121 119
127 119
128 119
133 119
163 119
164 119
166 119
167 119
169 119
104 120
106 120
108 120
109 120
111 120
113 120
115 120
117 120
118 120
120 120
126 120
128 120
132 120
146 120
148 120
149 120
162 120
164 120
165 120
167 120
168 120
105 121
107 121
108 121
110 121
112 121
114 121
116 121
117 121
119 121
121 121
127 121
128 121
133 121
147 121
148 121
150 121
163 121
164 121
166 121
167 121
169 121
64 122
65 122
66 122
68 122
69 122
71 122
73 122
76 122
122 122
124 122
126 122
128 122
129 122
130 122
132 122
155 122
156 122
157 122
165 122
167 122
64 123
66 123
67 123
68 123
69 123
70 123
71 123
72 123
76 123
77 123
123 123
124 123
125 123
127 123
129 123
130 123
131 123
132 123
133 123
155 123
157 123
158 123
165 123
166 123
64 124
65 124
66 124
68 124
69 124
71 124
73 124
76 124
122 124
123 124
124 124
126 124
129 124
130 124
132 124
155 124
156 124
157 124
165 124
167 124
65 125
67 125
70 125
72 125
73 125
77 125
123 125
125 125
127 125
128 125
131 125
133 125
156 125
158 125
166 125
167 125
64 126
65 126
66 126
68 126
69 126
71 126
73 126
74 126
76 126
78 126
80 126
82 126
85 126
113 126
115 126
117 126
118 126
120 126
122 126
124 126
126 126
128 126
129 126
130 126
132 126
155 126
156 126
157 126
162 126
164 126
165 126
167 126
168 126
65 127
67 127
70 127
72 127
73 127
75 127
77 127
79 127
81 127
82 127
86 127
114 127
116 127
117 127
119 127
121 127
123 127
125 127
127 127
128 127
131 127
133 127
156 127
158 127
163 127
164 127
166 127
167 127
169 127
64 128
66 128
67 128
68 128
69 128
70 128
71 128
72 128
74 128
75 128
76 128
77 128
78 128
79 128
80 128
81 128
85 128
86 128
113 128
114 128
115 128
116 128
118 128
119 128
120 128
121 128
122 128
125 128
126 128
127 128
128 128
129 128
130 128
131 128
132 128
133 128
155 128
157 128
158 128
162 128
163 128
165 128
166 128
168 128
169 128
122 129
123 129
124 129
126 129
128 129
129 129
130 129
132 129
155 129
156 129
157 129
165 129
167 129
122 130
123 130
124 130
126 130
128 130
129 130
130 130
132 130
155 130
156 130
157 130
165 130
167 130
123 131
125 131
127 131
128 131
131 131
133 131
156 131
158 131
166 131
167 131
113 132
115 132
117 132
118 132
120 132
122 132
123 132
124 132
126 132
128 132
129 132
130 132
132 132
155 132
156 132
157 132
162 132
164 132
165 132
167 132
168 132
114 133
116 133
117 133
119 133
121 133
123 133
125 133
127 133
128 133
131 133
133 133
156 133
158 133
163 133
164 133
166 133
167 133
169 133
99 134
101 134
102 134
106 134
108 134
111 134
134 134
136 134
137 134
139 134
141 134
146 134
148 134
151 134
176 134
178 134
100 135
101 135
103 135
107 135
108 135
112 135
135 135
136 135
138 135
140 135
141 135
147 135
148 135
152 135
177 135
178 135
99 136
100 136
102 136
103 136
106 136
107 136
111 136
112 136
134 136
135 136
136 136
137 136
138 136
139 136
140 136
146 136
147 136
151 136
152 136
176 136
177 136
134 137
136 137
137 137
139 137
141 137
146 137
148 137
151 137
176 137
178 137
135 138
136 138
138 138
140 138
141 138
147 138
148 138
152 138
177 138
178 138
134 139
136 139
137 139
139 139
141 139
142 139
144 139
145 139
146 139
148 139
151 139
176 139
178 139
179 139
181 139
182 139
135 140
136 140
138 140
140 140
141 140
143 140
145 140
147 140
148 140
152 140
177 140
178 140
180 140
182 140
134 141
135 141
137 141
138 141
139 141
140 141
141 141
142 141
143 141
144 141
146 141
147 141
151 141
152 141
176 141
177 141
179 141
180 141
181 141
139 142
141 142
142 142
144 142
145 142
176 142
178 142
179 142
181 142
182 142
140 143
141 143
143 143
145 143
177 143
178 143
180 143
182 143
139 144
141 144
142 144
144 144
145 144
176 144
178 144
179 144
181 144
182 144
139 145
140 145
142 145
143 145
144 145
145 145
176 145
177 145
179 145
180 145
181 145
99 146
101 146
102 146
104 146
106 146
108 146
109 146
111 146
115 146
117 146
120 146
134 146
136 146
137 146
139 146
141 146
146 146
148 146
149 146
151 146
153 146
162 146
164 146
174 146
176 146
178 146
183 146
198 146
200 146
100 147
101 147
103 147
105 147
107 147
108 147
110 147
112 147
116 147
117 147
121 147
135 147
136 147
138 147
140 147
141 147
147 147
148 147
150 147
152 147
154 147
163 147
164 147
175 147
177 147
178 147
184 147
199 147
200 147
99 148
100 148
102 148
103 148
104 148
105 148
106 148
107 148
109 148
110 148
111 148
112 148
115 148
116 148
120 148
121 148
134 148
135 148
137 148
138 148
139 148
140 148
146 148
147 148
148 148
149 148
150 148
151 148
152 148
153 148
154 148
162 148
163 148
174 148
175 148
176 148
177 148
183 148
184 148
198 148
199 148
104 149
106 149
108 149
109 149
111 149
115 149
117 149
120 149
146 149
148 149
149 149
151 149
153 149
162 149
164 149
174 149
176 149
178 149
183 149
198 149
200 149
105 150
107 150
108 150
110 150
112 150
116 150
117 150
121 150
147 150
148 150
150 150
152 150
154 150
163 150
164 150
175 150
177 150
178 150
184 150
199 150
200 150
134 151
136 151
137 151
139 151
141 151
146 151
148 151
149 151
151 151
153 151
162 151
164 151
174 151
176 151
178 151
183 151
198 151
200 151
135 152
136 152
138 152
140 152
141 152
147 152
148 152
150 152
152 152
154 152
163 152
164 152
175 152
177 152
178 152
184 152
199 152
200 152
146 153
148 153
149 153
151 153
153 153
162 153
164 153
174 153
176 153
178 153
183 153
198 153
200 153
147 154
148 154
150 154
152 154
154 154
163 154
164 154
175 154
177 154
178 154
184 154
199 154
200 154
122 155
123 155
124 155
126 155
128 155
129 155
130 155
132 155
155 155
156 155
157 155
159 155
160 155
165 155
167 155
170 155
188 155
189 155
190 155
201 155
203 155
122 156
124 156
125 156
126 156
127 156
129 156
130 156
131 156
132 156
133 156
155 156
156 156
158 156
159 156
160 156
161 156
165 156
166 156
170 156
171 156
188 156
190 156
191 156
201 156
202 156
122 157
123 157
124 157
126 157
128 157
129 157
130 157
132 157
155 157
157 157
159 157
160 157
165 157
167 157
170 157
188 157
189 157
190 157
201 157
203 157
123 158
125 158
127 158
128 158
131 158
133 158
156 158
158 158
161 158
166 158
167 158
171 158
189 158
191 158
202 158
203 158
155 159
156 159
157 159
159 159
160 159
165 159
167 159
170 159
188 159
189 159
190 159
201 159
203 159
155 160
156 160
157 160
159 160
160 160
165 160
167 160
170 160
188 160
189 160
190 160
201 160
203 160
156 161
158 161
161 161
166 161
167 161
171 161
189 161
191 161
202 161
203 161
104 162
106 162
108 162
109 162
111 162
113 162
115 162
117 162
118 162
120 162
126 162
128 162
132 162
146 162
148 162
149 162
151 162
153 162
162 162
165 162
167 162
168 162
170 162
172 162
174 162
176 162
178 162
183 162
198 162
200 162
201 162
203 162
204 162
105 163
107 163
108 163
110 163
112 163
114 163
116 163
117 163
119 163
121 163
127 163
128 163
133 163
147 163
148 163
150 163
152 163
154 163
163 163
164 163
166 163
167 163
169 163
171 163
173 163
175 163
177 163
178 163
184 163
199 163
200 163
202 163
203 163
205 163
104 164
105 164
106 164
107 164
109 164
110 164
111 164
112 164
113 164
114 164
115 164
116 164
118 164
119 164
120 164
121 164
126 164
127 164
132 164
133 164
146 164
147 164
149 164
150 164
151 164
152 164
153 164
154 164
163 164
164 164
165 164
166 164
168 164
169 164
170 164
171 164
172 164
173 164
174 164
175 164
176 164
177 164
183 164
184 164
198 164
199 164
201 164
202 164
204 164
205 164
113 165
115 165
117 165
118 165
120 165
122 165
123 165
124 165
126 165
128 165
129 165
130 165
132 165
155 165
156 165
157 165
159 165
160 165
162 165
164 165
165 165
168 165
170 165
172 165
174 165
188 165
189 165
190 165
198 165
200 165
201 165
203 165
204 165
114 166
116 166
117 166
119 166
121 166
123 166
125 166
127 166
128 166
131 166
133 166
156 166
158 166
161 166
163 166
164 166
166 166
167 166
169 166
171 166
173 166
175 166
189 166
191 166
199 166
200 166
202 166
203 166
205 166
113 167
114 167
115 167
116 167
118 167
119 167
120 167
121 167
122 167
124 167
125 167
126 167
127 167
129 167
130 167
131 167
132 167
133 167
155 167
157 167
158 167
159 167
160 167
161 167
162 167
163 167
166 167
167 167
168 167
169 167
170 167
171 167
172 167
173 167
174 167
175 167
188 167
190 167
191 167
198 167
199 167
201 167
202 167
204 167
205 167
113 168
115 168
117 168
118 168
120 168
126 168
128 168
132 168
162 168
164 168
165 168
167 168
168 168
170 168
172 168
174 168
198 168
200 168
201 168
203 168
204 168
114 169
116 169
117 169
119 169
121 169
127 169
128 169
133 169
163 169
164 169
166 169
167 169
169 169
171 169
173 169
175 169
199 169
200 169
202 169
203 169
205 169
155 170
156 170
157 170
159 170
160 170
162 170
164 170
165 170
167 170
168 170
170 170
172 170
174 170
188 170
189 170
190 170
198 170
200 170
201 170
203 170
204 170
156 171
158 171
161 171
163 171
164 171
166 171
167 171
169 171
171 171
173 171
175 171
189 171
191 171
199 171
200 171
202 171
203 171
205 171
162 172
164 172
165 172
167 172
168 172
170 172
172 172
174 172
198 172
200 172
201 172
203 172
204 172
163 173
164 173
166 173
167 173
169 173
171 173
173 173
175 173
199 173
200 173
202 173
203 173
205 173
146 174
148 174
149 174
151 174
153 174
162 174
164 174
165 174
167 174
168 174
170 174
172 174
174 174
176 174
178 174
183 174
198 174
200 174
201 174
203 174
204 174
147 175
148 175
150 175
152 175
154 175
163 175
164 175
166 175
167 175
169 175
171 175
173 175
175 175
177 175
178 175
184 175
199 175
200 175
202 175
203 175
205 175
134 176
136 176
137 176
139 176
141 176
142 176
144 176
145 176
146 176
148 176
149 176
151 176
153 176
162 176
164 176
174 176
176 176
178 176
179 176
181 176
182 176
183 176
185 176
187 176
198 176
206 176
208 176
209 176
135 177
136 177
138 177
140 177
141 177
143 177
145 177
147 177
148 177
150 177
152 177
154 177
163 177
164 177
175 177
177 177
178 177
180 177
182 177
184 177
186 177
199 177
200 177
207 177
209 177
134 178
135 178
137 178
138 178
139 178
140 178
142 178
143 178
144 178
146 178
147 178
149 178
150 178
151 178
152 178
153 178
154 178
162 178
163 178
174 178
175 178
176 178
177 178
178 178
179 178
180 178
181 178
183 178
184 178
185 178
186 178
187 178
198 178
199 178
206 178
207 178
208 178
139 179
141 179
142 179
144 179
145 179
176 179
178 179
179 179
181 179
182 179
183 179
185 179
187 179
198 179
200 179
206 179
208 179
209 179
140 180
141 180
143 180
145 180
177 180
178 180
180 180
182 180
184 180
186 180
199 180
200 180
207 180
209 180
139 181
141 181
142 181
144 181
145 181
176 181
178 181
179 181
181 181
182 181
183 181
185 181
187 181
198 181
200 181
206 181
208 181
209 181
139 182
140 182
142 182
143 182
144 182
176 182
177 182
179 182
180 182
181 182
182 182
183 182
184 182
185 182
186 182
187 182
198 182
199 182
206 182
207 182
208 182
146 183
148 183
149 183
151 183
153 183
162 183
164 183
174 183
176 183
178 183
179 183
181 183
182 183
183 183
185 183
187 183
198 183
200 183
206 183
208 183
209 183
147 184
148 184
150 184
152 184
154 184
163 184
164 184
175 184
177 184
178 184
180 184
182 184
184 184
186 184
199 184
200 184
207 184
209 184
176 185
178 185
179 185
181 185
182 185
183 185
185 185
187 185
198 185
200 185
206 185
208 185
209 185
177 186
178 186
180 186
182 186
184 186
186 186
199 186
200 186
207 186
209 186
176 187
178 187
179 187
181 187
182 187
183 187
185 187
187 187
198 187
200 187
206 187
208 187
209 187
155 188
156 188
157 188
159 188
160 188
165 188
167 188
170 188
188 188
189 188
190 188
192 188
193 188
195 188
196 188
197 188
201 188
203 188
210 188
212 188
213 188
155 189
157 189
158 189
159 189
160 189
161 189
165 189
166 189
170 189
171 189
188 189
189 189
191 189
192 189
193 189
194 189
195 189
197 189
201 189
202 189
210 189
211 189
212 189
155 190
156 190
157 190
159 190
160 190
165 190
167 190
170 190
188 190
190 190
192 190
193 190
195 190
196 190
197 190
201 190
203 190
210 190
212 190
213 190
156 191
158 191
161 191
166 191
167 191
171 191
189 191
191 191
194 191
196 191
202 191
203 191
211 191
213 191
188 192
189 192
190 192
192 192
193 192
195 192
196 192
197 192
201 192
203 192
210 192
212 192
213 192
188 193
189 193
190 193
192 193
193 193
195 193
196 193
197 193
201 193
203 193
210 193
212 193
213 193
189 194
191 194
194 194
196 194
202 194
203 194
211 194
213 194
188 195
189 195
190 195
192 195
193 195
195 195
196 195
197 195
201 195
203 195
210 195
212 195
213 195
188 196
190 196
191 196
192 196
193 196
194 196
195 196
196 196
197 196
201 196
202 196
210 196
211 196
212 196
188 197
189 197
190 197
192 197
193 197
195 197
196 197
197 197
201 197
203 197
210 197
212 197
213 197
146 198
148 198
149 198
151 198
153 198
162 198
164 198
165 198
167 198
168 198
170 198
172 198
174 198
176 198
178 198
179 198
181 198
182 198
183 198
185 198
187 198
198 198
200 198
201 198
203 198
204 198
206 198
208 198
209 198
210 198
212 198
213 198
214 198
216 198
147 199
148 199
150 199
152 199
154 199
163 199
164 199
166 199
167 199
169 199
171 199
173 199
175 199
177 199
178 199
180 199
182 199
184 199
186 199
199 199
200 199
202 199
203 199
205 199
207 199
209 199
211 199
213 199
215 199
146 200
147 200
149 200
150 200
151 200
152 200
153 200
154 200
162 200
163 200
165 200
166 200
168 200
169 200
170 200
171 200
172 200
173 200
174 200
175 200
177 200
179 200
180 200
181 200
183 200
184 200
185 200
186 200
187 200
198 200
199 200
200 200
201 200
202 200
204 200
205 200
206 200
207 200
208 200
210 200
211 200
212 200
214 200
215 200
216 200
155 201
156 201
157 201
159 201
160 201
162 201
164 201
165 201
167 201
168 201
170 201
172 201
174 201
188 201
189 201
190 201
192 201
193 201
195 201
196 201
197 201
198 201
200 201
201 201
203 201
204 201
206 201
208 201
209 201
210 201
212 201
213 201
214 201
216 201
156 202
158 202
161 202
163 202
164 202
166 202
167 202
169 202
171 202
173 202
175 202
189 202
191 202
194 202
196 202
199 202
200 202
202 202
203 202
205 202
207 202
209 202
211 202
213 202
215 202
155 203
157 203
158 203
159 203
160 203
161 203
162 203
163 203
165 203
166 203
168 203
169 203
170 203
171 203
172 203
173 203
174 203
175 203
188 203
190 203
191 203
192 203
193 203
194 203
195 203
197 203
198 203
199 203
201 203
202 203
203 203
204 203
205 203
206 203
207 203
208 203
210 203
211 203
212 203
214 203
215 203
216 203
162 204
164 204
165 204
167 204
168 204
170 204
172 204
174 204
198 204
200 204
201 204
203 204
204 204
206 204
208 204
209 204
210 204
212 204
213 204
214 204
216 204
163 205
164 205
166 205
167 205
169 205
171 205
173 205
175 205
199 205
200 205
202 205
203 205
205 205
207 205
209 205
211 205
213 205
215 205
176 206
178 206
179 206
181 206
182 206
183 206
185 206
187 206
198 206
200 206
201 206
203 206
204 206
206 206
208 206
209 206
210 206
212 206
213 206
214 206
216 206
177 207
178 207
180 207
182 207
184 207
186 207
199 207
200 207
202 207
203 207
205 207
207 207
209 207
211 207
213 207
215 207
176 208
178 208
179 208
181 208
182 208
183 208
185 208
187 208
198 208
200 208
201 208
203 208
204 208
206 208
208 208
209 208
210 208
212 208
213 208
214 208
216 208
176 209
177 209
179 209
180 209
181 209
183 209
184 209
185 209
186 209
187 209
198 209
199 209
201 209
202 209
204 209
205 209
206 209
207 209
208 209
209 209
210 209
211 209
212 209
214 209
215 209
216 209
188 210
189 210
190 210
192 210
193 210
195 210
196 210
197 210
198 210
200 210
201 210
203 210
204 210
206 210
208 210
209 210
210 210
212 210
213 210
214 210
216 210
189 211
191 211
194 211
196 211
199 211
200 211
202 211
203 211
205 211
207 211
209 211
211 211
213 211
215 211
188 212
189 212
190 212
192 212
193 212
195 212
196 212
197 212
198 212
200 212
201 212
203 212
204 212
206 212
208 212
209 212
210 212
212 212
213 212
214 212
216 212
188 213
190 213
191 213
192 213
193 213
194 213
195 213
197 213
198 213
199 213
201 213
202 213
204 213
205 213
206 213
207 213
208 213
210 213
211 213
212 213
213 213
214 213
215 213
216 213
198 214
200 214
201 214
203 214
204 214
206 214
208 214
209 214
210 214
212 214
213 214
214 214
216 214
199 215
200 215
202 215
203 215
205 215
207 215
209 215
211 215
213 215
215 215
198 216
200 216
201 216
203 216
204 216
206 216
208 216
209 216
210 216
212 216
213 216
214 216
216 216
