240 3762
1 1
2 1
3 1
127 1
128 1
129 1
130 1
131 1
132 1
1 2
2 2
3 2
127 2
128 2
129 2
130 2
131 2
132 2
1 3
2 3
3 3
127 3
128 3
129 3
130 3
131 3
132 3
4 4
5 4
6 4
130 4
131 4
132 4
133 4
134 4
135 4
136 4
137 4
138 4
4 5
5 5
6 5
130 5
131 5
132 5
133 5
134 5
135 5
136 5
137 5
138 5
4 6
5 6
6 6
130 6
131 6
132 6
133 6
134 6
135 6
136 6
137 6
138 6
7 7
8 7
9 7
127 7
128 7
129 7
139 7
140 7
141 7
142 7
143 7
144 7
7 8
8 8
9 8
127 8
128 8
129 8
139 8
140 8
141 8
142 8
143 8
144 8
7 9
8 9
9 9
127 9
128 9
129 9
139 9
140 9
141 9
142 9
143 9
144 9
10 10
11 10
12 10
127 10
128 10
129 10
130 10
131 10
132 10
133 10
134 10
135 10
142 10
143 10
144 10
145 10
146 10
147 10
10 11
11 11
12 11
127 11
128 11
129 11
130 11
131 11
132 11
133 11
134 11
135 11
142 11
143 11
144 11
145 11
146 11
147 11
10 12
11 12
12 12
127 12
128 12
129 12
130 12
131 12
132 12
133 12
134 12
135 12
142 12
143 12
144 12
145 12
146 12
147 12
13 13
14 13
15 13
130 13
131 13
132 13
136 13
137 13
138 13
145 13
146 13
147 13
148 13
149 13
150 13
13 14
14 14
15 14
130 14
131 14
132 14
136 14
137 14
138 14
145 14
146 14
147 14
148 14
149 14
150 14
13 15
14 15
15 15
130 15
131 15
132 15
136 15
137 15
138 15
145 15
146 15
147 15
148 15
149 15
150 15
16 16
17 16
18 16
136 16
137 16
138 16
151 16
152 16
153 16
154 16
155 16
156 16
16 17
17 17
18 17
136 17
137 17
138 17
151 17
152 17
153 17
154 17
155 17
156 17
16 18
17 18
18 18
136 18
137 18
138 18
151 18
152 18
153 18
154 18
155 18
156 18
19 19
20 19
21 19
133 19
134 19
135 19
142 19
143 19
144 19
157 19
158 19
159 19
160 19
161 19
162 19
19 20
20 20
21 20
133 20
134 20
135 20
142 20
143 20
144 20
157 20
158 20
159 20
160 20
161 20
162 20
19 21
20 21
21 21
133 21
134 21
135 21
142 21
143 21
144 21
157 21
158 21
159 21
160 21
161 21
162 21
22 22
23 22
24 22
133 22
134 22
135 22
136 22
137 22
138 22
145 22
146 22
147 22
151 22
152 22
153 22
160 22
161 22
162 22
163 22
164 22
165 22
22 23
23 23
24 23
133 23
134 23
135 23
136 23
137 23
138 23
145 23
146 23
147 23
151 23
152 23
153 23
160 23
161 23
162 23
163 23
164 23
165 23
22 24
23 24
24 24
133 24
134 24
135 24
136 24
137 24
138 24
145 24
146 24
147 24
151 24
152 24
153 24
160 24
161 24
162 24
163 24
164 24
165 24
25 25
26 25
27 25
136 25
137 25
138 25
148 25
149 25
150 25
154 25
155 25
156 25
163 25
164 25
165 25
166 25
167 25
168 25
25 26
26 26
27 26
136 26
137 26
138 26
148 26
149 26
150 26
154 26
155 26
156 26
163 26
164 26
165 26
166 26
167 26
168 26
25 27
26 27
27 27
136 27
137 27
138 27
148 27
149 27
150 27
154 27
155 27
156 27
163 27
164 27
165 27
166 27
167 27
168 27
28 28
29 28
30 28
139 28
140 28
141 28
169 28
170 28
171 28
28 29
29 29
30 29
139 29
140 29
141 29
169 29
170 29
171 29
28 30
29 30
30 30
139 30
140 30
141 30
169 30
170 30
171 30
31 31
32 31
33 31
139 31
140 31
141 31
142 31
143 31
144 31
157 31
158 31
159 31
169 31
170 31
171 31
172 31
173 31
174 31
31 32
32 32
33 32
139 32
140 32
141 32
142 32
143 32
144 32
157 32
158 32
159 32
169 32
170 32
171 32
172 32
173 32
174 32
31 33
32 33
33 33
139 33
140 33
141 33
142 33
143 33
144 33
157 33
158 33
159 33
169 33
170 33
171 33
172 33
173 33
174 33
34 34
35 34
36 34
142 34
143 34
144 34
145 34
146 34
147 34
160 34
161 34
162 34
172 34
173 34
174 34
175 34
176 34
177 34
34 35
35 35
36 35
142 35
143 35
144 35
145 35
146 35
147 35
160 35
161 35
162 35
172 35
173 35
174 35
175 35
176 35
177 35
34 36
35 36
36 36
142 36
143 36
144 36
145 36
146 36
147 36
160 36
161 36
162 36
172 36
173 36
174 36
175 36
176 36
177 36
37 37
38 37
39 37
145 37
146 37
147 37
148 37
149 37
150 37
163 37
164 37
165 37
175 37
176 37
177 37
178 37
179 37
180 37
37 38
38 38
39 38
145 38
146 38
147 38
148 38
149 38
150 38
163 38
164 38
165 38
175 38
176 38
177 38
178 38
179 38
180 38
37 39
38 39
39 39
145 39
146 39
147 39
148 39
149 39
150 39
163 39
164 39
165 39
175 39
176 39
177 39
178 39
179 39
180 39
40 40
41 40
42 40
148 40
149 40
150 40
166 40
167 40
168 40
178 40
179 40
180 40
181 40
182 40
183 40
40 41
41 41
42 41
148 41
149 41
150 41
166 41
167 41
168 41
178 41
179 41
180 41
181 41
182 41
183 41
40 42
41 42
42 42
148 42
149 42
150 42
166 42
167 42
168 42
178 42
179 42
180 42
181 42
182 42
183 42
43 43
44 43
45 43
154 43
155 43
156 43
184 43
185 43
186 43
43 44
44 44
45 44
154 44
155 44
156 44
184 44
185 44
186 44
43 45
44 45
45 45
154 45
155 45
156 45
184 45
185 45
186 45
46 46
47 46
48 46
151 46
152 46
153 46
160 46
161 46
162 46
187 46
188 46
189 46
190 46
191 46
192 46
46 47
47 47
48 47
151 47
152 47
153 47
160 47
161 47
162 47
187 47
188 47
189 47
190 47
191 47
192 47
46 48
47 48
48 48
151 48
152 48
153 48
160 48
161 48
162 48
187 48
188 48
189 48
190 48
191 48
192 48
49 49
50 49
51 49
151 49
152 49
153 49
154 49
155 49
156 49
163 49
164 49
165 49
184 49
185 49
186 49
190 49
191 49
192 49
193 49
194 49
195 49
49 50
50 50
51 50
151 50
152 50
153 50
154 50
155 50
156 50
163 50
164 50
165 50
184 50
185 50
186 50
190 50
191 50
192 50
193 50
194 50
195 50
49 51
50 51
51 51
151 51
152 51
153 51
154 51
155 51
156 51
163 51
164 51
165 51
184 51
185 51
186 51
190 51
191 51
192 51
193 51
194 51
195 51
52 52
53 52
54 52
154 52
155 52
156 52
166 52
167 52
168 52
193 52
194 52
195 52
52 53
53 53
54 53
154 53
155 53
156 53
166 53
167 53
168 53
193 53
194 53
195 53
52 54
53 54
54 54
154 54
155 54
156 54
166 54
167 54
168 54
193 54
194 54
195 54
55 55
56 55
57 55
157 55
158 55
159 55
169 55
170 55
171 55
196 55
197 55
198 55
55 56
56 56
57 56
157 56
158 56
159 56
169 56
170 56
171 56
196 56
197 56
198 56
55 57
56 57
57 57
157 57
158 57
159 57
169 57
170 57
171 57
196 57
197 57
198 57
58 58
59 58
60 58
157 58
158 58
159 58
160 58
161 58
162 58
172 58
173 58
174 58
187 58
188 58
189 58
196 58
197 58
198 58
199 58
200 58
201 58
58 59
59 59
60 59
157 59
158 59
159 59
160 59
161 59
162 59
172 59
173 59
174 59
187 59
188 59
189 59
196 59
197 59
198 59
199 59
200 59
201 59
58 60
59 60
60 60
157 60
158 60
159 60
160 60
161 60
162 60
172 60
173 60
174 60
187 60
188 60
189 60
196 60
197 60
198 60
199 60
200 60
201 60
61 61
62 61
63 61
160 61
161 61
162 61
163 61
164 61
165 61
175 61
176 61
177 61
190 61
191 61
192 61
199 61
200 61
201 61
202 61
203 61
204 61
61 62
62 62
63 62
160 62
161 62
162 62
163 62
164 62
165 62
175 62
176 62
177 62
190 62
191 62
192 62
199 62
200 62
201 62
202 62
203 62
204 62
61 63
62 63
63 63
160 63
161 63
162 63
163 63
164 63
165 63
175 63
176 63
177 63
190 63
191 63
192 63
199 63
200 63
201 63
202 63
203 63
204 63
64 64
65 64
66 64
163 64
164 64
165 64
166 64
167 64
168 64
178 64
179 64
180 64
193 64
194 64
195 64
202 64
203 64
204 64
205 64
206 64
207 64
64 65
65 65
66 65
163 65
164 65
165 65
166 65
167 65
168 65
178 65
179 65
180 65
193 65
194 65
195 65
202 65
203 65
204 65
205 65
206 65
207 65
64 66
65 66
66 66
163 66
164 66
165 66
166 66
167 66
168 66
178 66
179 66
180 66
193 66
194 66
195 66
202 66
203 66
204 66
205 66
206 66
207 66
67 67
68 67
69 67
166 67
167 67
168 67
181 67
182 67
183 67
205 67
206 67
207 67
67 68
68 68
69 68
166 68
167 68
168 68
181 68
182 68
183 68
205 68
206 68
207 68
67 69
68 69
69 69
166 69
167 69
168 69
181 69
182 69
183 69
205 69
206 69
207 69
70 70
71 70
72 70
169 70
170 70
171 70
172 70
173 70
174 70
196 70
197 70
198 70
208 70
209 70
210 70
70 71
71 71
72 71
169 71
170 71
171 71
172 71
173 71
174 71
196 71
197 71
198 71
208 71
209 71
210 71
70 72
71 72
72 72
169 72
170 72
171 72
172 72
173 72
174 72
196 72
197 72
198 72
208 72
209 72
210 72
73 73
74 73
75 73
172 73
173 73
174 73
175 73
176 73
177 73
199 73
200 73
201 73
208 73
209 73
210 73
211 73
212 73
213 73
73 74
74 74
75 74
172 74
173 74
174 74
175 74
176 74
177 74
199 74
200 74
201 74
208 74
209 74
210 74
211 74
212 74
213 74
73 75
74 75
75 75
172 75
173 75
174 75
175 75
176 75
177 75
199 75
200 75
201 75
208 75
209 75
210 75
211 75
212 75
213 75
76 76
77 76
78 76
175 76
176 76
177 76
178 76
179 76
180 76
202 76
203 76
204 76
211 76
212 76
213 76
214 76
215 76
216 76
76 77
77 77
78 77
175 77
176 77
177 77
178 77
179 77
180 77
202 77
203 77
204 77
211 77
212 77
213 77
214 77
215 77
216 77
76 78
77 78
78 78
175 78
176 78
177 78
178 78
179 78
180 78
202 78
203 78
204 78
211 78
212 78
213 78
214 78
215 78
216 78
79 79
80 79
81 79
178 79
179 79
180 79
181 79
182 79
183 79
205 79
206 79
207 79
214 79
215 79
216 79
217 79
218 79
219 79
79 80
80 80
81 80
178 80
179 80
180 80
181 80
182 80
183 80
205 80
206 80
207 80
214 80
215 80
216 80
217 80
218 80
219 80
79 81
80 81
81 81
178 81
179 81
180 81
181 81
182 81
183 81
205 81
206 81
207 81
214 81
215 81
216 81
217 81
218 81
219 81
82 82
83 82
84 82
181 82
182 82
183 82
217 82
218 82
219 82
82 83
83 83
84 83
181 83
182 83
183 83
217 83
218 83
219 83
82 84
83 84
84 84
181 84
182 84
183 84
217 84
218 84
219 84
85 85
86 85
87 85
184 85
185 85
186 85
190 85
191 85
192 85
220 85
221 85
222 85
85 86
86 86
87 86
184 86
185 86
186 86
190 86
191 86
192 86
220 86
221 86
222 86
85 87
86 87
87 87
184 87
185 87
186 87
190 87
191 87
192 87
220 87
221 87
222 87
88 88
89 88
90 88
187 88
188 88
189 88
196 88
197 88
198 88
223 88
224 88
225 88
88 89
89 89
90 89
187 89
188 89
189 89
196 89
197 89
198 89
223 89
224 89
225 89
88 90
89 90
90 90
187 90
188 90
189 90
196 90
197 90
198 90
223 90
224 90
225 90
91 91
92 91
93 91
187 91
188 91
189 91
190 91
191 91
192 91
199 91
200 91
201 91
220 91
221 91
222 91
223 91
224 91
225 91
226 91
227 91
228 91
91 92
92 92
93 92
187 92
188 92
189 92
190 92
191 92
192 92
199 92
200 92
201 92
220 92
221 92
222 92
223 92
224 92
225 92
226 92
227 92
228 92
91 93
92 93
93 93
187 93
188 93
189 93
190 93
191 93
192 93
199 93
200 93
201 93
220 93
221 93
222 93
223 93
224 93
225 93
226 93
227 93
228 93
94 94
95 94
96 94
190 94
191 94
192 94
193 94
194 94
195 94
202 94
203 94
204 94
226 94
227 94
228 94
94 95
95 95
96 95
190 95
191 95
192 95
193 95
194 95
195 95
202 95
203 95
204 95
226 95
227 95
228 95
94 96
95 96
96 96
190 96
191 96
192 96
193 96
194 96
195 96
202 96
203 96
204 96
226 96
227 96
228 96
97 97
98 97
99 97
196 97
197 97
198 97
199 97
200 97
201 97
208 97
209 97
210 97
223 97
224 97
225 97
229 97
230 97
231 97
97 98
98 98
99 98
196 98
197 98
198 98
199 98
200 98
201 98
208 98
209 98
210 98
223 98
224 98
225 98
229 98
230 98
231 98
97 99
98 99
99 99
196 99
197 99
198 99
199 99
200 99
201 99
208 99
209 99
210 99
223 99
224 99
225 99
229 99
230 99
231 99
100 100
101 100
102 100
199 100
200 100
201 100
202 100
203 100
204 100
211 100
212 100
213 100
226 100
227 100
228 100
229 100
230 100
231 100
232 100
233 100
234 100
100 101
101 101
102 101
199 101
200 101
201 101
202 101
203 101
204 101
211 101
212 101
213 101
226 101
227 101
228 101
229 101
230 101
231 101
232 101
233 101
234 101
100 102
101 102
102 102
199 102
200 102
201 102
202 102
203 102
204 102
211 102
212 102
213 102
226 102
227 102
228 102
229 102
230 102
231 102
232 102
233 102
234 102
103 103
104 103
105 103
202 103
203 103
204 103
205 103
206 103
207 103
214 103
215 103
216 103
232 103
233 103
234 103
103 104
104 104
105 104
202 104
203 104
204 104
205 104
206 104
207 104
214 104
215 104
216 104
232 104
233 104
234 104
103 105
104 105
105 105
202 105
203 105
204 105
205 105
206 105
207 105
214 105
215 105
216 105
232 105
233 105
234 105
106 106
107 106
108 106
208 106
209 106
210 106
211 106
212 106
213 106
229 106
230 106
231 106
235 106
236 106
237 106
106 107
107 107
108 107
208 107
209 107
210 107
211 107
212 107
213 107
229 107
230 107
231 107
235 107
236 107
237 107
106 108
107 108
108 108
208 108
209 108
210 108
211 108
212 108
213 108
229 108
230 108
231 108
235 108
236 108
237 108
109 109
110 109
111 109
211 109
212 109
213 109
214 109
215 109
216 109
232 109
233 109
234 109
235 109
236 109
237 109
238 109
239 109
240 109
109 110
110 110
111 110
211 110
212 110
213 110
214 110
215 110
216 110
232 110
233 110
234 110
235 110
236 110
237 110
238 110
239 110
240 110
109 111
110 111
111 111
211 111
212 111
213 111
214 111
215 111
216 111
232 111
233 111
234 111
235 111
236 111
237 111
238 111
239 111
240 111
112 112
113 112
114 112
214 112
215 112
216 112
217 112
218 112
219 112
238 112
239 112
240 112
112 113
113 113
114 113
214 113
215 113
216 113
217 113
218 113
219 113
238 113
239 113
240 113
112 114
113 114
114 114
214 114
215 114
216 114
217 114
218 114
219 114
238 114
239 114
240 114
115 115
116 115
117 115
220 115
221 115
222 115
223 115
224 115
225 115
115 116
116 116
117 116
220 116
221 116
222 116
223 116
224 116
225 116
115 117
116 117
117 117
220 117
221 117
222 117
223 117
224 117
225 117
118 118
119 118
120 118
223 118
224 118
225 118
226 118
227 118
228 118
229 118
230 118
231 118
118 119
119 119
120 119
223 119
224 119
225 119
226 119
227 119
228 119
229 119
230 119
231 119
118 120
119 120
120 120
223 120
224 120
225 120
226 120
227 120
228 120
229 120
230 120
231 120
121 121
122 121
123 121
229 121
230 121
231 121
232 121
233 121
234 121
235 121
236 121
237 121
121 122
122 122
123 122
229 122
230 122
231 122
232 122
233 122
234 122
235 122
236 122
237 122
121 123
122 123
123 123
229 123
230 123
231 123
232 123
233 123
234 123
235 123
236 123
237 123
124 124
125 124
126 124
235 124
236 124
237 124
238 124
239 124
240 124
124 125
125 125
126 125
235 125
236 125
237 125
238 125
239 125
240 125
124 126
125 126
126 126
235 126
236 126
237 126
238 126
239 126
240 126
1 127
2 127
3 127
7 127
8 127
9 127
10 127
11 127
12 127
127 127
128 127
129 127
1 128
2 128
3 128
7 128
8 128
9 128
10 128
11 128
12 128
127 128
128 128
129 128
1 129
2 129
3 129
7 129
8 129
9 129
10 129
11 129
12 129
127 129
128 129
129 129
1 130
2 130
3 130
4 130
5 130
6 130
10 130
11 130
12 130
13 130
14 130
15 130
130 130
131 130
132 130
1 131
2 131
3 131
4 131
5 131
6 131
10 131
11 131
12 131
13 131
14 131
15 131
130 131
131 131
132 131
1 132
2 132
3 132
4 132
5 132
6 132
10 132
11 132
12 132
13 132
14 132
15 132
130 132
131 132
132 132
4 133
5 133
6 133
10 133
11 133
12 133
19 133
20 133
21 133
22 133
23 133
24 133
133 133
134 133
135 133
4 134
5 134
6 134
10 134
11 134
12 134
19 134
20 134
21 134
22 134
23 134
24 134
133 134
134 134
135 134
4 135
5 135
6 135
10 135
11 135
12 135
19 135
20 135
21 135
22 135
23 135
24 135
133 135
134 135
135 135
4 136
5 136
6 136
13 136
14 136
15 136
16 136
17 136
18 136
22 136
23 136
24 136
25 136
26 136
27 136
136 136
137 136
138 136
4 137
5 137
6 137
13 137
14 137
15 137
16 137
17 137
18 137
22 137
23 137
24 137
25 137
26 137
27 137
136 137
137 137
138 137
4 138
5 138
6 138
13 138
14 138
15 138
16 138
17 138
18 138
22 138
23 138
24 138
25 138
26 138
27 138
136 138
137 138
138 138
7 139
8 139
9 139
28 139
29 139
30 139
31 139
32 139
33 139
139 139
140 139
141 139
7 140
8 140
9 140
28 140
29 140
30 140
31 140
32 140
33 140
139 140
140 140
141 140
7 141
8 141
9 141
28 141
29 141
30 141
31 141
32 141
33 141
139 141
140 141
141 141
7 142
8 142
9 142
10 142
11 142
12 142
19 142
20 142
21 142
31 142
32 142
33 142
34 142
35 142
36 142
142 142
143 142
144 142
7 143
8 143
9 143
10 143
11 143
12 143
19 143
20 143
21 143
31 143
32 143
33 143
34 143
35 143
36 143
142 143
143 143
144 143
7 144
8 144
9 144
10 144
11 144
12 144
19 144
20 144
21 144
31 144
32 144
33 144
34 144
35 144
36 144
142 144
143 144
144 144
10 145
11 145
12 145
13 145
14 145
15 145
22 145
23 145
24 145
34 145
35 145
36 145
37 145
38 145
39 145
145 145
146 145
147 145
10 146
11 146
12 146
13 146
14 146
15 146
22 146
23 146
24 146
34 146
35 146
36 146
37 146
38 146
39 146
145 146
146 146
147 146
10 147
11 147
12 147
13 147
14 147
15 147
22 147
23 147
24 147
34 147
35 147
36 147
37 147
38 147
39 147
145 147
146 147
147 147
13 148
14 148
15 148
25 148
26 148
27 148
37 148
38 148
39 148
40 148
41 148
42 148
148 148
149 148
150 148
13 149
14 149
15 149
25 149
26 149
27 149
37 149
38 149
39 149
40 149
41 149
42 149
148 149
149 149
150 149
13 150
14 150
15 150
25 150
26 150
27 150
37 150
38 150
39 150
40 150
41 150
42 150
148 150
149 150
150 150
16 151
17 151
18 151
22 151
23 151
24 151
46 151
47 151
48 151
49 151
50 151
51 151
151 151
152 151
153 151
16 152
17 152
18 152
22 152
23 152
24 152
46 152
47 152
48 152
49 152
50 152
51 152
151 152
152 152
153 152
16 153
17 153
18 153
22 153
23 153
24 153
46 153
47 153
48 153
49 153
50 153
51 153
151 153
152 153
153 153
16 154
17 154
18 154
25 154
26 154
27 154
43 154
44 154
45 154
49 154
50 154
51 154
52 154
53 154
54 154
154 154
155 154
156 154
16 155
17 155
18 155
25 155
26 155
27 155
43 155
44 155
45 155
49 155
50 155
51 155
52 155
53 155
54 155
154 155
155 155
156 155
16 156
17 156
18 156
25 156
26 156
27 156
43 156
44 156
45 156
49 156
50 156
51 156
52 156
53 156
54 156
154 156
155 156
156 156
19 157
20 157
21 157
31 157
32 157
33 157
55 157
56 157
57 157
58 157
59 157
60 157
157 157
158 157
159 157
19 158
20 158
21 158
31 158
32 158
33 158
55 158
56 158
57 158
58 158
59 158
60 158
157 158
158 158
159 158
19 159
20 159
21 159
31 159
32 159
33 159
55 159
56 159
57 159
58 159
59 159
60 159
157 159
158 159
159 159
19 160
20 160
21 160
22 160
23 160
24 160
34 160
35 160
36 160
46 160
47 160
48 160
58 160
59 160
60 160
61 160
62 160
63 160
160 160
161 160
162 160
19 161
20 161
21 161
22 161
23 161
24 161
34 161
35 161
36 161
46 161
47 161
48 161
58 161
59 161
60 161
61 161
62 161
63 161
160 161
161 161
162 161
19 162
20 162
21 162
22 162
23 162
24 162
34 162
35 162
36 162
46 162
47 162
48 162
58 162
59 162
60 162
61 162
62 162
63 162
160 162
161 162
162 162
22 163
23 163
24 163
25 163
26 163
27 163
37 163
38 163
39 163
49 163
50 163
51 163
61 163
62 163
63 163
64 163
65 163
66 163
163 163
164 163
165 163
22 164
23 164
24 164
25 164
26 164
27 164
37 164
38 164
39 164
49 164
50 164
51 164
61 164
62 164
63 164
64 164
65 164
66 164
163 164
164 164
165 164
22 165
23 165
24 165
25 165
26 165
27 165
37 165
38 165
39 165
49 165
50 165
51 165
61 165
62 165
63 165
64 165
65 165
66 165
163 165
164 165
165 165
25 166
26 166
27 166
40 166
41 166
42 166
52 166
53 166
54 166
64 166
65 166
66 166
67 166
68 166
69 166
166 166
167 166
168 166
25 167
26 167
27 167
40 167
41 167
42 167
52 167
53 167
54 167
64 167
65 167
66 167
67 167
68 167
69 167
166 167
167 167
168 167
25 168
26 168
27 168
40 168
41 168
42 168
52 168
53 168
54 168
64 168
65 168
66 168
67 168
68 168
69 168
166 168
167 168
168 168
28 169
29 169
30 169
31 169
32 169
33 169
55 169
56 169
57 169
70 169
71 169
72 169
169 169
170 169
171 169
28 170
29 170
30 170
31 170
32 170
33 170
55 170
56 170
57 170
70 170
71 170
72 170
169 170
170 170
171 170
28 171
29 171
30 171
31 171
32 171
33 171
55 171
56 171
57 171
70 171
71 171
72 171
169 171
170 171
171 171
31 172
32 172
33 172
34 172
35 172
36 172
58 172
59 172
60 172
70 172
71 172
72 172
73 172
74 172
75 172
172 172
173 172
174 172
31 173
32 173
33 173
34 173
35 173
36 173
58 173
59 173
60 173
70 173
71 173
72 173
73 173
74 173
75 173
172 173
173 173
174 173
31 174
32 174
33 174
34 174
35 174
36 174
58 174
59 174
60 174
70 174
71 174
72 174
73 174
74 174
75 174
172 174
173 174
174 174
34 175
35 175
36 175
37 175
38 175
39 175
61 175
62 175
63 175
73 175
74 175
75 175
76 175
77 175
78 175
175 175
176 175
177 175
34 176
35 176
36 176
37 176
38 176
39 176
61 176
62 176
63 176
73 176
74 176
75 176
76 176
77 176
78 176
175 176
176 176
177 176
34 177
35 177
36 177
37 177
38 177
39 177
61 177
62 177
63 177
73 177
74 177
75 177
76 177
77 177
78 177
175 177
176 177
177 177
37 178
38 178
39 178
40 178
41 178
42 178
64 178
65 178
66 178
76 178
77 178
78 178
79 178
80 178
81 178
178 178
179 178
180 178
37 179
38 179
39 179
40 179
41 179
42 179
64 179
65 179
66 179
76 179
77 179
78 179
79 179
80 179
81 179
178 179
179 179
180 179
37 180
38 180
39 180
40 180
41 180
42 180
64 180
65 180
66 180
76 180
77 180
78 180
79 180
80 180
81 180
178 180
179 180
180 180
40 181
41 181
42 181
67 181
68 181
69 181
79 181
80 181
81 181
82 181
83 181
84 181
181 181
182 181
183 181
40 182
41 182
42 182
67 182
68 182
69 182
79 182
80 182
81 182
82 182
83 182
84 182
181 182
182 182
183 182
40 183
41 183
42 183
67 183
68 183
69 183
79 183
80 183
81 183
82 183
83 183
84 183
181 183
182 183
183 183
43 184
44 184
45 184
49 184
50 184
51 184
85 184
86 184
87 184
184 184
185 184
186 184
43 185
44 185
45 185
49 185
50 185
51 185
85 185
86 185
87 185
184 185
185 185
186 185
43 186
44 186
45 186
49 186
50 186
51 186
85 186
86 186
87 186
184 186
185 186
186 186
46 187
47 187
48 187
58 187
59 187
60 187
88 187
89 187
90 187
91 187
92 187
93 187
187 187
188 187
189 187
46 188
47 188
48 188
58 188
59 188
60 188
88 188
89 188
90 188
91 188
92 188
93 188
187 188
188 188
189 188
46 189
47 189
48 189
58 189
59 189
60 189
88 189
89 189
90 189
91 189
92 189
93 189
187 189
188 189
189 189
46 190
47 190
48 190
49 190
50 190
51 190
61 190
62 190
63 190
85 190
86 190
87 190
91 190
92 190
93 190
94 190
95 190
96 190
190 190
191 190
192 190
46 191
47 191
48 191
49 191
50 191
51 191
61 191
62 191
63 191
85 191
86 191
87 191
91 191
92 191
93 191
94 191
95 191
96 191
190 191
191 191
192 191
46 192
47 192
48 192
49 192
50 192
51 192
61 192
62 192
63 192
85 192
86 192
87 192
91 192
92 192
93 192
94 192
95 192
96 192
190 192
191 192
192 192
49 193
50 193
51 193
52 193
53 193
54 193
64 193
65 193
66 193
94 193
95 193
96 193
193 193
194 193
195 193
49 194
50 194
51 194
52 194
53 194
54 194
64 194
65 194
66 194
94 194
95 194
96 194
193 194
194 194
195 194
49 195
50 195
51 195
52 195
53 195
54 195
64 195
65 195
66 195
94 195
95 195
96 195
193 195
194 195
195 195
55 196
56 196
57 196
58 196
59 196
60 196
70 196
71 196
72 196
88 196
89 196
90 196
97 196
98 196
99 196
196 196
197 196
198 196
55 197
56 197
57 197
58 197
59 197
60 197
70 197
71 197
72 197
88 197
89 197
90 197
97 197
98 197
99 197
196 197
197 197
198 197
55 198
56 198
57 198
58 198
59 198
60 198
70 198
71 198
72 198
88 198
89 198
90 198
97 198
98 198
99 198
196 198
197 198
198 198
58 199
59 199
60 199
61 199
62 199
63 199
73 199
74 199
75 199
91 199
92 199
93 199
97 199
98 199
99 199
100 199
101 199
102 199
199 199
200 199
201 199
58 200
59 200
60 200
61 200
62 200
63 200
73 200
74 200
75 200
91 200
92 200
93 200
97 200
98 200
99 200
100 200
101 200
102 200
199 200
200 200
201 200
58 201
59 201
60 201
61 201
62 201
63 201
73 201
74 201
75 201
91 201
92 201
93 201
97 201
98 201
99 201
100 201
101 201
102 201
199 201
200 201
201 201
61 202
62 202
63 202
64 202
65 202
66 202
76 202
77 202
78 202
94 202
95 202
96 202
100 202
101 202
102 202
103 202
104 202
105 202
202 202
203 202
204 202
61 203
62 203
63 203
64 203
65 203
66 203
76 203
77 203
78 203
94 203
95 203
96 203
100 203
101 203
102 203
103 203
104 203
105 203
202 203
203 203
204 203
61 204
62 204
63 204
64 204
65 204
66 204
76 204
77 204
78 204
94 204
95 204
96 204
100 204
101 204
102 204
103 204
104 204
105 204
202 204
203 204
204 204
64 205
65 205
66 205
67 205
68 205
69 205
79 205
80 205
81 205
103 205
104 205
105 205
205 205
206 205
207 205
64 206
65 206
66 206
67 206
68 206
69 206
79 206
80 206
81 206
103 206
104 206
105 206
205 206
206 206
207 206
64 207
65 207
66 207
67 207
68 207
69 207
79 207
80 207
81 207
103 207
104 207
105 207
205 207
206 207
207 207
70 208
71 208
72 208
73 208
74 208
75 208
97 208
98 208
99 208
106 208
107 208
108 208
208 208
209 208
210 208
70 209
71 209
72 209
73 209
74 209
75 209
97 209
98 209
99 209
106 209
107 209
108 209
208 209
209 209
210 209
70 210
71 210
72 210
73 210
74 210
75 210
97 210
98 210
99 210
106 210
107 210
108 210
208 210
209 210
210 210
73 211
74 211
75 211
76 211
77 211
78 211
100 211
101 211
102 211
106 211
107 211
108 211
109 211
110 211
111 211
211 211
212 211
213 211
73 212
74 212
75 212
76 212
77 212
78 212
100 212
101 212
102 212
106 212
107 212
108 212
109 212
110 212
111 212
211 212
212 212
213 212
73 213
74 213
75 213
76 213
77 213
78 213
100 213
101 213
102 213
106 213
107 213
108 213
109 213
110 213
111 213
211 213
212 213
213 213
76 214
77 214
78 214
79 214
80 214
81 214
103 214
104 214
105 214
109 214
110 214
111 214
112 214
113 214
114 214
214 214
215 214
216 214
76 215
77 215
78 215
79 215
80 215
81 215
103 215
104 215
105 215
109 215
110 215
111 215
112 215
113 215
114 215
214 215
215 215
216 215
76 216
77 216
78 216
79 216
80 216
81 216
103 216
104 216
105 216
109 216
110 216
111 216
112 216
113 216
114 216
214 216
215 216
216 216
79 217
80 217
81 217
82 217
83 217
84 217
112 217
113 217
114 217
217 217
218 217
219 217
79 218
80 218
81 218
82 218
83 218
84 218
112 218
113 218
114 218
217 218
218 218
219 218
79 219
80 219
81 219
82 219
83 219
84 219
112 219
113 219
114 219
217 219
218 219
219 219
85 220
86 220
87 220
91 220
92 220
93 220
115 220
116 220
117 220
220 220
221 220
222 220
85 221
86 221
87 221
91 221
92 221
93 221
115 221
116 221
117 221
220 221
221 221
222 221
85 222
86 222
87 222
91 222
92 222
93 222
115 222
116 222
117 222
220 222
221 222
222 222
88 223
89 223
90 223
91 223
92 223
93 223
97 223
98 223
99 223
115 223
116 223
117 223
118 223
119 223
120 223
223 223
224 223
225 223
88 224
89 224
90 224
91 224
92 224
93 224
97 224
98 224
99 224
115 224
116 224
117 224
118 224
119 224
120 224
223 224
224 224
225 224
88 225
89 225
90 225
91 225
92 225
93 225
97 225
98 225
99 225
115 225
116 225
117 225
118 225
119 225
120 225
223 225
224 225
225 225
91 226
92 226
93 226
94 226
95 226
96 226
100 226
101 226
102 226
118 226
119 226
120 226
226 226
227 226
228 226
91 227
92 227
93 227
94 227
95 227
96 227
100 227
101 227
102 227
118 227
119 227
120 227
226 227
227 227
228 227
91 228
92 228
93 228
94 228
95 228
96 228
100 228
101 228
102 228
118 228
119 228
120 228
226 228
227 228
228 228
97 229
98 229
99 229
100 229
101 229
102 229
106 229
107 229
108 229
118 229
119 229
120 229
121 229
122 229
123 229
229 229
230 229
231 229
97 230
98 230
99 230
100 230
101 230
102 230
106 230
107 230
108 230
118 230
119 230
120 230
121 230
122 230
123 230
229 230
230 230
231 230
97 231
98 231
99 231
100 231
101 231
102 231
106 231
107 231
108 231
118 231
119 231
120 231
121 231
122 231
123 231
229 231
230 231
231 231
100 232
101 232
102 232
103 232
104 232
105 232
109 232
110 232
111 232
121 232
122 232
123 232
232 232
233 232
234 232
100 233
101 233
102 233
103 233
104 233
105 233
109 233
110 233
111 233
121 233
122 233
123 233
232 233
233 233
234 233
100 234
101 234
102 234
103 234
104 234
105 234
109 234
110 234
111 234
121 234
122 234
123 234
232 234
233 234
234 234
106 235
107 235
108 235
109 235
110 235
111 235
121 235
122 235
123 235
124 235
125 235
126 235
235 235
236 235
237 235
106 236
107 236
108 236
109 236
110 236
111 236
121 236
122 236
123 236
124 236
125 236
126 236
235 236
236 236
237 236
106 237
107 237
108 237
109 237
110 237
111 237
121 237
122 237
123 237
124 237
125 237
126 237
235 237
236 237
237 237
109 238
110 238
111 238
112 238
113 238
114 238
124 238
125 238
126 238
238 238
239 238
240 238
109 239
110 239
111 239
112 239
113 239
114 239
124 239
125 239
126 239
238 239
239 239
240 239
109 240
110 240
111 240
112 240
113 240
114 240
124 240
125 240
126 240
238 240
239 240
240 240
