363 3068
1 1
5 2
56 3
57 3
58 3
59 3
60 3
61 3
62 3
63 3
64 3
65 3
66 3
67 3
68 3
69 3
70 3
80 3
86 3
87 3
88 3
89 3
97 3
134 3
220 4
221 4
222 4
223 4
224 4
225 4
226 4
227 4
228 4
229 4
230 4
231 4
232 4
233 4
234 4
243 4
250 4
251 4
252 4
253 4
261 4
299 4
8 5
9 6
10 7
11 8
12 9
13 10
220 11
221 11
222 11
223 11
224 11
225 11
226 11
227 11
228 11
229 11
230 11
231 11
232 11
233 11
234 11
241 11
250 11
251 11
252 11
253 11
261 11
297 11
220 12
221 12
222 12
223 12
224 12
225 12
226 12
227 12
228 12
229 12
230 12
231 12
232 12
233 12
234 12
249 12
250 12
251 12
252 12
253 12
261 12
305 12
287 13
17 14
18 15
220 16
221 16
222 16
223 16
224 16
225 16
226 16
227 16
228 16
229 16
230 16
231 16
232 16
233 16
234 16
244 16
250 16
251 16
252 16
253 16
261 16
300 16
284 17
41 18
42 19
43 20
61 21
52 22
169 23
174 23
175 23
177 23
206 23
208 23
239 23
57 24
58 25
59 26
60 27
65 27
66 27
68 27
97 27
99 27
129 27
2 28
31 28
220 29
221 29
222 29
223 29
224 29
225 29
226 29
227 29
228 29
229 29
230 29
231 29
232 29
233 29
234 29
239 29
250 29
251 29
252 29
253 29
261 29
295 29
63 30
220 31
221 31
222 31
223 31
224 31
225 31
226 31
227 31
228 31
229 31
230 31
231 31
232 31
233 31
234 31
236 31
250 31
251 31
252 31
253 31
261 31
292 31
19 32
43 32
44 32
231 33
67 34
68 35
69 36
70 37
91 38
92 39
93 40
94 41
95 42
103 43
220 44
221 44
222 44
223 44
224 44
225 44
226 44
227 44
228 44
229 44
230 44
231 44
232 44
233 44
234 44
238 44
250 44
251 44
252 44
253 44
261 44
294 44
115 45
119 45
120 45
122 45
151 45
153 45
185 45
112 46
17 47
19 47
45 47
46 47
2 48
21 48
65 49
273 50
275 50
318 50
47 51
54 51
358 51
2 52
22 52
97 53
98 53
100 53
232 54
234 54
260 54
261 54
121 55
122 56
123 57
124 58
145 59
146 60
147 61
148 62
149 63
157 64
165 65
174 65
175 65
177 65
179 65
206 65
208 65
235 65
111 66
167 67
168 68
285 69
286 69
288 69
317 69
319 69
330 69
331 69
332 69
333 69
334 69
335 69
336 69
337 69
338 69
339 69
340 69
341 69
342 69
343 69
344 69
345 69
346 69
347 69
348 69
226 70
229 70
230 70
232 70
261 70
263 70
297 70
171 71
116 72
119 72
120 72
122 72
151 72
153 72
186 72
229 73
230 73
232 73
233 73
234 73
261 73
263 73
304 73
229 74
220 75
221 75
222 75
223 75
224 75
225 75
226 75
227 75
228 75
229 75
230 75
231 75
232 75
233 75
234 75
237 75
250 75
251 75
252 75
253 75
261 75
293 75
176 76
177 77
178 78
179 79
200 80
201 81
202 82
203 83
204 84
212 85
114 86
119 86
120 86
122 86
151 86
153 86
184 86
118 87
119 87
120 87
122 87
151 87
153 87
188 87
222 88
223 89
221 90
222 90
223 90
224 90
225 90
226 90
227 90
228 90
229 90
230 90
231 90
232 90
233 90
234 90
248 90
250 90
251 90
252 90
253 90
261 90
304 90
225 91
226 92
15 93
56 94
57 94
58 94
59 94
60 94
61 94
62 94
63 94
64 94
65 94
66 94
67 94
68 94
69 94
70 94
79 94
86 94
87 94
88 94
89 94
97 94
133 94
220 95
221 95
222 95
223 95
224 95
225 95
226 95
227 95
228 95
229 95
230 95
231 95
232 95
233 95
234 95
240 95
250 95
251 95
252 95
253 95
261 95
296 95
144 96
149 96
220 97
221 97
222 97
223 97
224 97
225 97
226 97
227 97
228 97
229 97
230 97
231 97
232 97
233 97
234 97
245 97
250 97
251 97
252 97
253 97
261 97
301 97
232 98
233 99
234 100
255 101
256 102
257 103
258 104
259 105
267 106
275 107
153 108
154 108
280 109
285 109
286 109
288 109
317 109
319 109
330 109
331 109
332 109
333 109
334 109
335 109
336 109
337 109
338 109
339 109
340 109
341 109
342 109
343 109
344 109
345 109
346 109
347 109
348 109
278 110
279 111
99 112
100 112
281 113
282 114
172 115
14 116
15 116
16 116
17 116
46 116
48 116
82 116
285 117
286 117
288 117
290 117
317 117
319 117
330 117
331 117
332 117
333 117
334 117
335 117
336 117
337 117
338 117
339 117
340 117
341 117
342 117
343 117
344 117
345 117
346 117
347 117
348 117
286 118
220 119
221 119
222 119
223 119
224 119
225 119
226 119
227 119
228 119
229 119
230 119
231 119
232 119
233 119
234 119
235 119
250 119
251 119
252 119
254 119
261 119
291 119
288 120
289 121
290 122
311 123
312 124
313 125
314 126
315 127
363 128
276 129
285 129
286 129
288 129
290 129
317 129
319 129
330 129
331 129
332 129
333 129
334 129
335 129
336 129
337 129
338 129
339 129
340 129
341 129
342 129
343 129
344 129
345 129
346 129
347 129
349 129
277 130
285 130
286 130
288 130
317 130
319 130
330 130
331 130
332 130
333 130
334 130
335 130
336 130
337 130
338 130
339 130
340 130
341 130
342 130
343 130
344 130
345 130
346 130
347 130
348 130
332 131
279 132
285 132
286 132
288 132
317 132
319 132
330 132
331 132
332 132
333 132
334 132
335 132
336 132
337 132
338 132
339 132
340 132
341 132
342 132
343 132
344 132
345 132
346 132
347 132
348 132
6 133
14 133
15 133
17 133
46 133
48 133
72 133
335 134
282 135
285 135
286 135
288 135
317 135
319 135
330 135
331 135
332 135
333 135
334 135
335 135
336 135
337 135
338 135
339 135
340 135
341 135
342 135
343 135
344 135
345 135
346 135
347 135
348 135
110 136
338 137
227 138
319 139
320 139
285 140
286 140
288 140
317 140
319 140
330 140
331 140
332 140
333 140
334 140
335 140
336 140
337 140
338 140
339 140
340 140
341 140
342 140
343 140
344 140
345 140
346 140
347 140
348 140
285 141
286 141
287 141
288 141
317 141
319 141
331 141
332 141
333 141
334 141
335 141
336 141
337 141
338 141
339 141
340 141
341 141
342 141
343 141
344 141
345 141
346 141
347 141
348 141
343 142
344 143
350 144
351 145
352 146
353 147
354 148
35 149
40 149
36 150
41 150
37 151
42 151
38 152
43 152
39 153
44 153
8 154
9 154
10 154
11 154
12 154
13 154
14 154
45 154
220 155
221 155
222 155
223 155
224 155
225 155
226 155
227 155
228 155
229 155
230 155
231 155
232 155
233 155
234 155
242 155
250 155
251 155
252 155
253 155
261 155
298 155
40 156
41 156
42 156
105 156
41 157
42 157
43 157
106 157
40 158
41 158
42 158
107 158
50 159
52 159
103 159
86 160
91 160
87 161
92 161
88 162
93 162
89 163
94 163
90 164
95 164
59 165
60 165
61 165
62 165
63 165
64 165
65 165
96 165
68 166
70 166
96 166
97 166
91 167
93 167
107 167
159 167
91 168
92 168
93 168
160 168
92 169
93 169
94 169
161 169
91 170
92 170
93 170
162 170
101 171
103 171
157 171
140 172
145 172
141 173
146 173
142 174
147 174
143 175
148 175
221 176
222 176
223 176
224 176
225 176
226 176
227 176
228 176
229 176
230 176
231 176
232 176
233 176
234 176
246 176
250 176
251 176
252 176
253 176
261 176
302 176
113 177
114 177
115 177
116 177
117 177
118 177
119 177
150 177
122 178
124 178
150 178
151 178
145 179
147 179
162 179
214 179
145 180
146 180
147 180
215 180
146 181
147 181
148 181
216 181
145 182
146 182
147 182
217 182
155 183
157 183
212 183
195 184
200 184
196 185
201 185
197 186
202 186
198 187
203 187
199 188
204 188
168 189
169 189
170 189
171 189
172 189
173 189
174 189
205 189
177 190
179 190
205 190
206 190
200 191
202 191
217 191
269 191
200 192
201 192
202 192
270 192
201 193
202 193
203 193
271 193
200 194
201 194
202 194
272 194
210 195
212 195
267 195
250 196
255 196
251 197
256 197
252 198
257 198
253 199
258 199
254 200
259 200
223 201
224 201
225 201
226 201
227 201
228 201
229 201
260 201
276 202
277 202
278 202
279 202
280 202
281 202
282 202
283 202
284 202
285 202
286 202
287 202
288 202
289 202
290 202
292 202
306 202
307 202
308 202
309 202
317 202
345 202
346 202
347 202
348 202
255 203
257 203
272 203
325 203
255 204
256 204
257 204
326 204
256 205
257 205
258 205
327 205
255 206
256 206
257 206
328 206
265 207
267 207
323 207
306 208
311 208
307 209
312 209
308 210
313 210
309 211
314 211
310 212
315 212
279 213
280 213
281 213
282 213
283 213
284 213
285 213
316 213
288 214
290 214
316 214
317 214
321 215
323 215
311 216
313 216
328 216
355 216
311 217
312 217
313 217
356 217
312 218
313 218
314 218
357 218
329 219
330 219
331 219
332 219
333 219
334 219
335 219
336 219
337 219
338 219
339 219
340 219
341 219
342 219
343 219
344 219
345 220
350 220
346 221
351 221
347 222
352 222
348 223
353 223
349 224
354 224
358 225
165 226
166 226
167 226
168 226
169 226
170 226
171 226
172 226
173 226
174 226
175 226
176 226
177 226
178 226
179 226
182 226
195 226
196 226
197 226
198 226
206 226
237 226
360 227
361 228
362 229
317 230
318 230
320 230
165 231
166 231
167 231
168 231
169 231
170 231
171 231
172 231
173 231
174 231
175 231
176 231
177 231
178 231
179 231
181 231
195 231
196 231
197 231
198 231
206 231
236 231
100 232
101 232
103 232
157 232
154 233
155 233
157 233
212 233
209 234
210 234
212 234
267 234
264 235
265 235
267 235
323 235
55 236
56 236
57 236
58 236
59 236
60 236
61 236
62 236
63 236
64 236
65 236
66 236
67 236
68 236
69 236
70 236
97 236
101 236
109 236
224 237
229 237
230 237
232 237
261 237
263 237
295 237
320 238
321 238
323 238
322 239
329 239
276 240
277 240
278 240
279 240
280 240
281 240
282 240
283 240
284 240
285 240
286 240
287 240
288 240
289 240
290 240
291 240
306 240
307 240
308 240
310 240
317 240
345 240
346 240
347 240
349 240
221 241
229 241
230 241
232 241
261 241
263 241
292 241
276 242
277 242
278 242
279 242
280 242
281 242
282 242
283 242
284 242
285 242
286 242
287 242
288 242
289 242
290 242
293 242
306 242
307 242
308 242
309 242
317 242
345 242
346 242
347 242
348 242
276 243
277 243
278 243
279 243
280 243
281 243
282 243
283 243
284 243
285 243
286 243
287 243
288 243
289 243
290 243
294 243
306 243
307 243
308 243
309 243
317 243
345 243
346 243
347 243
348 243
276 244
277 244
278 244
279 244
280 244
281 244
282 244
283 244
284 244
285 244
286 244
287 244
288 244
289 244
290 244
295 244
306 244
307 244
308 244
309 244
317 244
345 244
346 244
347 244
348 244
276 245
277 245
278 245
279 245
280 245
281 245
282 245
283 245
284 245
285 245
286 245
287 245
288 245
289 245
290 245
296 245
306 245
307 245
308 245
309 245
317 245
345 245
346 245
347 245
348 245
276 246
277 246
278 246
279 246
280 246
281 246
282 246
283 246
284 246
285 246
286 246
287 246
288 246
289 246
290 246
297 246
306 246
307 246
308 246
309 246
317 246
345 246
346 246
347 246
348 246
276 247
277 247
278 247
279 247
280 247
281 247
282 247
283 247
284 247
285 247
286 247
287 247
288 247
289 247
290 247
298 247
306 247
307 247
308 247
309 247
317 247
345 247
346 247
347 247
348 247
276 248
277 248
278 248
279 248
280 248
281 248
282 248
283 248
284 248
285 248
286 248
287 248
288 248
289 248
290 248
299 248
306 248
307 248
308 248
309 248
317 248
345 248
346 248
347 248
348 248
276 249
277 249
278 249
279 249
280 249
281 249
282 249
283 249
284 249
285 249
286 249
287 249
288 249
289 249
290 249
300 249
306 249
307 249
308 249
309 249
317 249
345 249
346 249
347 249
348 249
276 250
277 250
278 250
279 250
280 250
281 250
282 250
283 250
284 250
285 250
286 250
287 250
288 250
289 250
290 250
301 250
306 250
307 250
308 250
309 250
317 250
345 250
346 250
347 250
348 250
277 251
278 251
279 251
280 251
281 251
282 251
283 251
284 251
285 251
286 251
287 251
288 251
289 251
290 251
302 251
306 251
307 251
308 251
309 251
317 251
345 251
346 251
347 251
348 251
276 252
277 252
278 252
279 252
280 252
281 252
282 252
283 252
284 252
285 252
286 252
287 252
288 252
289 252
290 252
303 252
306 252
307 252
308 252
309 252
317 252
345 252
346 252
347 252
348 252
277 253
278 253
279 253
280 253
281 253
282 253
283 253
284 253
285 253
286 253
287 253
288 253
289 253
290 253
304 253
306 253
307 253
308 253
309 253
317 253
345 253
346 253
347 253
348 253
276 254
277 254
278 254
279 254
280 254
281 254
282 254
283 254
284 254
285 254
286 254
287 254
288 254
289 254
290 254
305 254
306 254
307 254
308 254
309 254
317 254
345 254
346 254
347 254
348 254
285 255
286 255
288 255
317 255
319 255
330 255
331 255
332 255
333 255
334 255
335 255
336 255
337 255
338 255
339 255
340 255
341 255
342 255
343 255
344 255
345 255
346 255
347 255
348 255
324 256
349 256
48 257
49 257
220 258
229 258
230 258
232 258
234 258
261 258
263 258
291 258
151 259
152 259
154 259
206 260
207 260
209 260
261 261
262 261
264 261
98 262
108 262
359 262
14 263
5 264
14 264
15 264
17 264
19 264
46 264
48 264
71 264
7 265
117 266
8 267
14 267
15 267
17 267
46 267
48 267
74 267
9 268
14 268
15 268
17 268
46 268
48 268
75 268
10 269
14 269
15 269
17 269
46 269
48 269
76 269
11 270
14 270
15 270
17 270
46 270
48 270
77 270
12 271
14 271
15 271
17 271
46 271
48 271
78 271
13 272
14 272
15 272
17 272
46 272
48 272
79 272
14 273
15 273
17 273
46 273
48 273
80 273
14 274
15 274
17 274
46 274
48 274
81 274
2 275
34 275
283 276
285 276
286 276
288 276
317 276
319 276
330 276
331 276
332 276
333 276
334 276
335 276
336 276
337 276
338 276
339 276
340 276
341 276
342 276
343 276
344 276
345 276
346 276
347 276
348 276
58 277
65 277
66 277
68 277
97 277
99 277
127 277
56 278
65 278
66 278
68 278
70 278
97 278
99 278
125 278
54 279
98 279
108 279
62 280
56 281
57 281
58 281
59 281
60 281
61 281
62 281
63 281
64 281
65 281
66 281
67 281
68 281
69 281
70 281
71 281
86 281
87 281
88 281
90 281
97 281
125 281
56 282
57 282
58 282
59 282
60 282
61 282
62 282
63 282
64 282
65 282
66 282
67 282
68 282
69 282
70 282
72 282
86 282
87 282
88 282
89 282
97 282
126 282
56 283
57 283
58 283
59 283
60 283
61 283
62 283
63 283
64 283
65 283
66 283
67 283
68 283
69 283
70 283
73 283
86 283
87 283
88 283
89 283
97 283
127 283
59 284
65 284
66 284
68 284
97 284
99 284
128 284
56 285
57 285
58 285
59 285
60 285
61 285
62 285
63 285
64 285
65 285
66 285
67 285
68 285
69 285
70 285
75 285
86 285
87 285
88 285
89 285
97 285
129 285
56 286
57 286
58 286
59 286
60 286
61 286
62 286
63 286
64 286
65 286
66 286
67 286
68 286
69 286
70 286
76 286
86 286
87 286
88 286
89 286
97 286
130 286
56 287
57 287
58 287
59 287
60 287
61 287
62 287
63 287
64 287
65 287
66 287
67 287
68 287
69 287
70 287
77 287
86 287
87 287
88 287
89 287
97 287
131 287
56 288
57 288
58 288
59 288
60 288
61 288
62 288
63 288
64 288
65 288
66 288
67 288
68 288
69 288
70 288
78 288
86 288
87 288
88 288
89 288
97 288
132 288
64 289
65 289
66 289
68 289
97 289
99 289
133 289
119 290
120 290
122 290
151 290
153 290
189 290
56 291
57 291
58 291
59 291
60 291
61 291
62 291
63 291
64 291
65 291
66 291
67 291
68 291
69 291
70 291
81 291
86 291
87 291
88 291
89 291
97 291
135 291
57 292
58 292
59 292
60 292
61 292
62 292
63 292
64 292
65 292
66 292
67 292
68 292
69 292
70 292
82 292
86 292
87 292
88 292
89 292
97 292
136 292
56 293
57 293
58 293
59 293
60 293
61 293
62 293
63 293
64 293
65 293
66 293
67 293
68 293
69 293
70 293
83 293
86 293
87 293
88 293
89 293
97 293
137 293
57 294
58 294
59 294
60 294
61 294
62 294
63 294
64 294
65 294
66 294
67 294
68 294
69 294
70 294
84 294
86 294
87 294
88 294
89 294
97 294
138 294
56 295
57 295
58 295
59 295
60 295
61 295
62 295
63 295
64 295
65 295
66 295
67 295
68 295
69 295
70 295
85 295
86 295
87 295
88 295
89 295
97 295
139 295
108 296
152 296
163 296
220 297
221 297
222 297
223 297
224 297
225 297
226 297
227 297
228 297
229 297
230 297
231 297
232 297
233 297
234 297
247 297
250 297
251 297
252 297
253 297
261 297
303 297
110 298
111 298
112 298
113 298
114 298
115 298
116 298
117 298
118 298
119 298
120 298
121 298
122 298
123 298
124 298
125 298
140 298
141 298
142 298
144 298
151 298
180 298
110 299
111 299
112 299
113 299
114 299
115 299
116 299
117 299
118 299
119 299
120 299
121 299
122 299
123 299
124 299
126 299
140 299
141 299
142 299
143 299
151 299
181 299
110 300
111 300
112 300
113 300
114 300
115 300
116 300
117 300
118 300
119 300
120 300
121 300
122 300
123 300
124 300
127 300
140 300
141 300
142 300
143 300
151 300
182 300
110 301
111 301
112 301
113 301
114 301
115 301
116 301
117 301
118 301
119 301
120 301
121 301
122 301
123 301
124 301
128 301
140 301
141 301
142 301
143 301
151 301
183 301
110 302
111 302
112 302
113 302
114 302
115 302
116 302
117 302
118 302
119 302
120 302
121 302
122 302
123 302
124 302
129 302
140 302
141 302
142 302
143 302
151 302
184 302
110 303
111 303
112 303
113 303
114 303
115 303
116 303
117 303
118 303
119 303
120 303
121 303
122 303
123 303
124 303
130 303
140 303
141 303
142 303
143 303
151 303
185 303
110 304
111 304
112 304
113 304
114 304
115 304
116 304
117 304
118 304
119 304
120 304
121 304
122 304
123 304
124 304
131 304
140 304
141 304
142 304
143 304
151 304
186 304
110 305
111 305
112 305
113 305
114 305
115 305
116 305
117 305
118 305
119 305
120 305
121 305
122 305
123 305
124 305
132 305
140 305
141 305
142 305
143 305
151 305
187 305
110 306
111 306
112 306
113 306
114 306
115 306
116 306
117 306
118 306
119 306
120 306
121 306
122 306
123 306
124 306
133 306
140 306
141 306
142 306
143 306
151 306
188 306
110 307
111 307
112 307
113 307
114 307
115 307
116 307
117 307
118 307
119 307
120 307
121 307
122 307
123 307
124 307
134 307
140 307
141 307
142 307
143 307
151 307
189 307
110 308
111 308
112 308
113 308
114 308
115 308
116 308
117 308
118 308
119 308
120 308
121 308
122 308
123 308
124 308
135 308
140 308
141 308
142 308
143 308
151 308
190 308
111 309
112 309
113 309
114 309
115 309
116 309
117 309
118 309
119 309
120 309
121 309
122 309
123 309
124 309
136 309
140 309
141 309
142 309
143 309
151 309
191 309
110 310
111 310
112 310
113 310
114 310
115 310
116 310
117 310
118 310
119 310
120 310
121 310
122 310
123 310
124 310
137 310
140 310
141 310
142 310
143 310
151 310
192 310
111 311
112 311
113 311
114 311
115 311
116 311
117 311
118 311
119 311
120 311
121 311
122 311
123 311
124 311
138 311
140 311
141 311
142 311
143 311
151 311
193 311
110 312
111 312
112 312
113 312
114 312
115 312
116 312
117 312
118 312
119 312
120 312
121 312
122 312
123 312
124 312
139 312
140 312
141 312
142 312
143 312
151 312
194 312
163 313
207 313
218 313
208 314
209 314
165 315
166 315
167 315
168 315
169 315
170 315
171 315
172 315
173 315
174 315
175 315
176 315
177 315
178 315
179 315
180 315
195 315
196 315
197 315
199 315
206 315
235 315
166 316
174 316
175 316
177 316
206 316
208 316
236 316
167 317
174 317
175 317
177 317
206 317
208 317
237 317
165 318
166 318
167 318
168 318
169 318
170 318
171 318
172 318
173 318
174 318
175 318
176 318
177 318
178 318
179 318
183 318
195 318
196 318
197 318
198 318
206 318
238 318
165 319
166 319
167 319
168 319
169 319
170 319
171 319
172 319
173 319
174 319
175 319
176 319
177 319
178 319
179 319
184 319
195 319
196 319
197 319
198 319
206 319
239 319
165 320
166 320
167 320
168 320
169 320
170 320
171 320
172 320
173 320
174 320
175 320
176 320
177 320
178 320
179 320
185 320
195 320
196 320
197 320
198 320
206 320
240 320
165 321
166 321
167 321
168 321
169 321
170 321
171 321
172 321
173 321
174 321
175 321
176 321
177 321
178 321
179 321
186 321
195 321
196 321
197 321
198 321
206 321
241 321
165 322
166 322
167 322
168 322
169 322
170 322
171 322
172 322
173 322
174 322
175 322
176 322
177 322
178 322
179 322
187 322
195 322
196 322
197 322
198 322
206 322
242 322
165 323
166 323
167 323
168 323
169 323
170 323
171 323
172 323
173 323
174 323
175 323
176 323
177 323
178 323
179 323
188 323
195 323
196 323
197 323
198 323
206 323
243 323
165 324
166 324
167 324
168 324
169 324
170 324
171 324
172 324
173 324
174 324
175 324
176 324
177 324
178 324
179 324
189 324
195 324
196 324
197 324
198 324
206 324
244 324
165 325
166 325
167 325
168 325
169 325
170 325
171 325
172 325
173 325
174 325
175 325
176 325
177 325
178 325
179 325
190 325
195 325
196 325
197 325
198 325
206 325
245 325
166 326
167 326
168 326
169 326
170 326
171 326
172 326
173 326
174 326
175 326
176 326
177 326
178 326
179 326
191 326
195 326
196 326
197 326
198 326
206 326
246 326
165 327
166 327
167 327
168 327
169 327
170 327
171 327
172 327
173 327
174 327
175 327
176 327
177 327
178 327
179 327
192 327
195 327
196 327
197 327
198 327
206 327
247 327
166 328
167 328
168 328
169 328
170 328
171 328
172 328
173 328
174 328
175 328
176 328
177 328
178 328
179 328
193 328
195 328
196 328
197 328
198 328
206 328
248 328
165 329
166 329
167 329
168 329
169 329
170 329
171 329
172 329
173 329
174 329
175 329
176 329
177 329
178 329
179 329
194 329
195 329
196 329
197 329
198 329
206 329
249 329
218 330
262 330
273 330
219 331
220 331
221 331
222 331
223 331
224 331
225 331
226 331
227 331
228 331
229 331
230 331
231 331
232 331
233 331
234 331
261 331
265 331
274 331
263 332
264 332
268 333
310 333
324 333
266 334
274 334
322 334
5 335
14 335
15 335
17 335
19 335
39 335
46 335
48 335
53 335
5 336
6 336
7 336
8 336
9 336
10 336
11 336
12 336
13 336
14 336
15 336
16 336
17 336
18 336
19 336
20 336
35 336
36 336
37 336
39 336
46 336
71 336
5 337
6 337
7 337
8 337
9 337
10 337
11 337
12 337
13 337
14 337
15 337
16 337
17 337
18 337
19 337
21 337
35 337
36 337
37 337
38 337
46 337
72 337
5 338
6 338
7 338
8 338
9 338
10 338
11 338
12 338
13 338
14 338
15 338
16 338
17 338
18 338
19 338
22 338
35 338
36 338
37 338
38 338
46 338
73 338
5 339
6 339
7 339
8 339
9 339
10 339
11 339
12 339
13 339
14 339
15 339
16 339
17 339
18 339
19 339
23 339
35 339
36 339
37 339
38 339
46 339
74 339
5 340
6 340
7 340
8 340
9 340
10 340
11 340
12 340
13 340
14 340
15 340
16 340
17 340
18 340
19 340
24 340
35 340
36 340
37 340
38 340
46 340
75 340
5 341
6 341
7 341
8 341
9 341
10 341
11 341
12 341
13 341
14 341
15 341
16 341
17 341
18 341
19 341
25 341
35 341
36 341
37 341
38 341
46 341
76 341
5 342
6 342
7 342
8 342
9 342
10 342
11 342
12 342
13 342
14 342
15 342
16 342
17 342
18 342
19 342
26 342
35 342
36 342
37 342
38 342
46 342
77 342
5 343
6 343
7 343
8 343
9 343
10 343
11 343
12 343
13 343
14 343
15 343
16 343
17 343
18 343
19 343
27 343
35 343
36 343
37 343
38 343
46 343
78 343
5 344
6 344
7 344
8 344
9 344
10 344
11 344
12 344
13 344
14 344
15 344
16 344
17 344
18 344
19 344
28 344
35 344
36 344
37 344
38 344
46 344
79 344
5 345
6 345
7 345
8 345
9 345
10 345
11 345
12 345
13 345
14 345
15 345
16 345
17 345
18 345
19 345
29 345
35 345
36 345
37 345
38 345
46 345
80 345
5 346
6 346
7 346
8 346
9 346
10 346
11 346
12 346
13 346
14 346
15 346
16 346
17 346
18 346
19 346
30 346
35 346
36 346
37 346
38 346
46 346
81 346
6 347
7 347
8 347
9 347
10 347
11 347
12 347
13 347
14 347
15 347
16 347
17 347
18 347
19 347
31 347
35 347
36 347
37 347
38 347
46 347
82 347
5 348
6 348
7 348
8 348
9 348
10 348
11 348
12 348
13 348
14 348
15 348
16 348
17 348
18 348
19 348
32 348
35 348
36 348
37 348
38 348
46 348
83 348
6 349
7 349
8 349
9 349
10 349
11 349
12 349
13 349
14 349
15 349
16 349
17 349
18 349
19 349
33 349
35 349
36 349
37 349
38 349
46 349
84 349
5 350
6 350
7 350
8 350
9 350
10 350
11 350
12 350
13 350
14 350
15 350
16 350
17 350
18 350
19 350
34 350
35 350
36 350
37 350
38 350
46 350
85 350
53 351
90 351
104 351
104 352
144 352
158 352
158 353
199 353
213 353
164 354
165 354
166 354
167 354
168 354
169 354
170 354
171 354
172 354
173 354
174 354
175 354
176 354
177 354
178 354
179 354
206 354
210 354
219 354
211 355
219 355
266 355
40 356
41 356
42 356
43 356
3 357
39 357
53 357
109 358
110 358
111 358
112 358
113 358
114 358
115 358
116 358
117 358
118 358
119 358
120 358
121 358
122 358
123 358
124 358
151 358
155 358
164 358
156 359
164 359
211 359
1 360
4 360
5 360
6 360
7 360
8 360
9 360
10 360
11 360
12 360
13 360
14 360
15 360
16 360
17 360
18 360
19 360
46 360
50 360
55 360
55 361
4 362
51 362
51 363
55 363
102 363
