200 2002
0 1
0 8
0 11
0 16
0 23
0 35
0 39
0 50
0 54
0 67
0 70
0 80
0 86
0 89
0 107
0 113
0 121
0 128
0 133
0 142
0 180
0 192
0 193
0 195
1 12
1 19
1 20
1 30
1 49
1 50
1 63
1 66
1 69
1 71
1 75
1 89
1 100
1 102
1 112
1 117
1 121
1 132
1 151
1 165
1 192
1 197
2 4
2 6
2 7
2 25
2 51
2 66
2 70
2 76
2 112
2 115
2 131
2 147
2 167
2 171
2 181
2 182
2 183
2 186
2 190
2 191
3 12
3 17
3 27
3 28
3 35
3 42
3 47
3 68
3 83
3 85
3 89
3 119
3 121
3 145
3 178
3 182
3 184
3 194
3 195
3 198
4 12
4 24
4 30
4 42
4 48
4 76
4 94
4 118
4 121
4 127
4 133
4 164
4 180
4 186
5 6
5 18
5 23
5 24
5 36
5 53
5 64
5 68
5 70
5 91
5 94
5 108
5 128
5 130
5 138
5 139
5 161
5 174
5 193
6 25
6 43
6 76
6 82
6 85
6 90
6 93
6 106
6 110
6 127
6 129
6 149
6 164
6 168
6 173
6 187
6 190
6 195
6 199
7 14
7 20
7 31
7 40
7 47
7 57
7 58
7 76
7 82
7 83
7 107
7 130
7 138
7 146
7 151
7 162
7 172
7 174
7 183
7 198
8 12
8 25
8 35
8 39
8 65
8 77
8 92
8 95
8 98
8 110
8 111
8 114
8 116
8 119
8 135
8 137
8 157
8 168
8 173
8 193
9 15
9 20
9 23
9 33
9 63
9 65
9 71
9 81
9 82
9 89
9 101
9 111
9 128
9 129
9 131
9 134
9 141
9 153
9 159
9 163
9 166
9 172
9 175
9 198
10 15
10 19
10 23
10 28
10 36
10 42
10 53
10 61
10 65
10 66
10 73
10 83
10 88
10 93
10 103
10 136
10 144
10 149
10 168
10 174
10 186
11 47
11 50
11 56
11 57
11 68
11 72
11 89
11 108
11 113
11 114
11 149
11 152
11 155
11 168
11 169
11 178
11 180
12 17
12 23
12 25
12 59
12 68
12 73
12 74
12 94
12 108
12 113
12 120
12 138
12 149
12 161
12 188
13 16
13 23
13 25
13 28
13 29
13 31
13 32
13 35
13 42
13 44
13 57
13 63
13 70
13 89
13 117
13 127
13 163
13 184
13 187
13 191
13 198
13 199
14 43
14 51
14 67
14 71
14 72
14 73
14 82
14 84
14 95
14 112
14 117
14 123
14 124
14 125
14 135
14 136
14 138
14 142
14 143
14 154
14 161
14 171
14 186
15 25
15 26
15 54
15 57
15 58
15 59
15 64
15 77
15 91
15 95
15 97
15 100
15 104
15 119
15 124
15 126
15 137
15 150
15 153
15 154
15 191
15 199
16 21
16 55
16 87
16 88
16 103
16 125
16 129
16 142
16 146
16 164
16 167
16 174
16 177
16 193
16 196
16 199
17 18
17 25
17 34
17 38
17 51
17 52
17 64
17 70
17 74
17 77
17 86
17 91
17 96
17 100
17 106
17 108
17 125
17 142
17 147
17 151
17 159
17 173
17 176
17 185
17 198
18 43
18 44
18 50
18 61
18 83
18 94
18 99
18 101
18 107
18 109
18 114
18 116
18 117
18 123
18 135
18 179
18 181
18 188
19 27
19 37
19 41
19 54
19 68
19 72
19 79
19 87
19 89
19 92
19 126
19 136
19 137
19 149
19 163
19 171
19 191
20 22
20 24
20 26
20 37
20 45
20 52
20 61
20 79
20 85
20 89
20 101
20 108
20 126
20 135
20 145
20 157
20 164
20 166
20 169
20 182
20 187
20 188
20 189
20 199
21 39
21 57
21 63
21 72
21 78
21 86
21 99
21 102
21 130
21 148
21 150
21 193
21 194
22 26
22 27
22 28
22 36
22 47
22 70
22 71
22 83
22 85
22 96
22 99
22 104
22 106
22 110
22 113
22 115
22 163
22 176
22 184
23 26
23 28
23 35
23 50
23 64
23 97
23 100
23 101
23 118
23 119
23 126
23 130
23 149
23 159
23 175
23 190
23 191
24 44
24 49
24 61
24 76
24 80
24 83
24 100
24 108
24 119
24 120
24 121
24 132
24 159
24 167
24 185
24 186
24 193
25 45
25 48
25 64
25 70
25 73
25 74
25 99
25 101
25 131
25 134
25 163
25 165
25 191
25 193
26 28
26 35
26 36
26 47
26 50
26 65
26 70
26 72
26 128
26 151
26 152
26 159
26 168
26 171
26 177
26 183
26 199
27 64
27 66
27 67
27 70
27 88
27 90
27 93
27 105
27 111
27 112
27 123
27 124
27 136
27 137
27 157
27 172
27 175
27 177
27 196
28 36
28 45
28 47
28 56
28 59
28 66
28 67
28 74
28 80
28 85
28 89
28 94
28 104
28 118
28 124
28 141
28 152
28 159
28 164
28 197
28 199
29 84
29 108
29 114
29 116
29 119
29 139
29 144
29 148
29 150
29 159
29 171
29 177
29 194
30 38
30 60
30 72
30 91
30 92
30 98
30 103
30 104
30 108
30 132
30 143
30 165
30 171
30 192
30 199
31 68
31 73
31 74
31 77
31 93
31 94
31 95
31 105
31 113
31 117
31 126
31 141
31 189
32 37
32 42
32 66
32 74
32 76
32 80
32 82
32 84
32 104
32 125
32 126
32 131
32 147
32 152
32 165
32 186
33 76
33 77
33 84
33 97
33 107
33 122
33 133
33 163
33 174
33 176
33 178
33 186
33 187
34 36
34 39
34 51
34 59
34 68
34 81
34 85
34 103
34 109
34 122
34 125
34 140
34 151
34 171
34 172
34 176
34 182
34 190
34 194
35 40
35 50
35 54
35 57
35 65
35 70
35 84
35 90
35 140
35 142
35 154
35 164
35 166
35 168
35 192
35 197
36 37
36 60
36 66
36 79
36 82
36 91
36 96
36 101
36 105
36 106
36 123
36 126
36 132
36 134
37 39
37 43
37 48
37 61
37 74
37 75
37 93
37 94
37 109
37 112
37 122
37 156
37 160
37 171
38 43
38 78
38 98
38 109
38 114
38 117
38 120
38 134
38 139
38 144
38 146
38 156
38 169
38 175
38 183
38 189
38 191
39 57
39 81
39 92
39 93
39 100
39 119
39 123
39 130
39 131
39 172
39 174
39 191
39 194
40 48
40 52
40 61
40 67
40 70
40 73
40 83
40 88
40 102
40 114
40 121
40 124
40 132
40 140
40 142
40 148
40 177
40 179
40 185
40 191
41 42
41 44
41 62
41 71
41 93
41 107
41 108
41 129
41 132
41 134
41 145
41 148
41 158
41 161
41 166
41 169
41 176
41 179
41 193
41 194
41 195
41 196
41 198
42 47
42 70
42 102
42 104
42 114
42 115
42 140
42 144
42 149
42 157
42 180
42 195
43 76
43 79
43 92
43 105
43 115
43 126
43 131
43 132
43 144
43 148
43 150
43 166
43 170
43 174
43 177
43 197
44 61
44 67
44 78
44 119
44 120
44 122
44 159
44 179
44 184
45 47
45 52
45 60
45 61
45 85
45 98
45 100
45 124
45 126
45 132
45 145
45 155
45 165
45 167
45 169
45 175
45 193
46 52
46 54
46 60
46 74
46 86
46 101
46 140
46 151
46 160
46 161
46 166
46 176
46 184
46 192
46 199
47 48
47 61
47 63
47 76
47 77
47 91
47 95
47 97
47 98
47 102
47 111
47 116
47 124
47 131
47 137
47 139
47 145
47 147
47 154
47 156
47 167
47 188
48 51
48 59
48 76
48 94
48 107
48 110
48 113
48 123
48 126
48 141
48 142
48 148
48 163
48 177
48 180
48 194
48 196
48 199
49 50
49 54
49 62
49 74
49 80
49 90
49 95
49 100
49 113
49 152
49 156
49 167
49 176
50 64
50 66
50 67
50 84
50 98
50 108
50 131
50 132
50 150
50 153
50 158
50 162
50 165
50 168
50 197
51 63
51 70
51 76
51 83
51 114
51 122
51 124
51 140
51 142
51 148
51 151
51 164
51 170
51 172
51 183
52 78
52 82
52 83
52 105
52 110
52 145
52 151
52 160
52 175
52 176
52 178
52 189
52 193
52 197
53 58
53 77
53 94
53 95
53 104
53 113
53 123
53 127
53 149
53 160
53 193
54 57
54 60
54 63
54 90
54 91
54 93
54 104
54 108
54 127
54 132
54 148
54 176
55 61
55 68
55 71
55 91
55 114
55 116
55 134
55 151
55 152
55 162
55 185
55 195
56 57
56 66
56 75
56 96
56 97
56 110
56 111
56 121
56 124
56 125
56 130
56 131
56 139
56 197
57 61
57 69
57 77
57 103
57 110
57 133
57 146
57 150
57 156
57 165
57 182
57 185
57 193
57 195
58 62
58 65
58 71
58 72
58 74
58 75
58 77
58 85
58 96
58 118
58 120
58 121
58 132
58 134
58 142
58 143
58 157
58 165
58 174
59 63
59 64
59 68
59 70
59 71
59 81
59 82
59 83
59 85
59 92
59 122
59 138
59 139
59 142
59 154
59 158
59 162
59 167
59 175
59 188
59 196
59 198
60 65
60 93
60 118
60 134
60 142
60 146
60 147
60 156
60 163
60 176
60 182
60 190
60 199
61 66
61 71
61 85
61 91
61 107
61 120
61 138
61 146
61 152
61 161
61 162
61 166
62 66
62 67
62 112
62 129
62 139
62 146
62 161
62 171
62 175
62 182
62 193
63 77
63 95
63 99
63 103
63 122
63 141
63 142
63 150
63 153
63 154
63 155
63 160
63 178
63 197
63 198
64 75
64 88
64 100
64 105
64 116
64 118
64 121
64 130
64 137
64 141
64 155
64 188
65 70
65 74
65 76
65 99
65 102
65 107
65 109
65 111
65 115
65 118
65 120
65 123
65 137
65 147
65 150
65 160
66 68
66 72
66 120
66 137
66 139
66 146
66 147
66 162
66 164
66 177
66 179
67 77
67 82
67 99
67 103
67 104
67 124
67 125
67 128
67 174
67 175
67 185
67 186
68 69
68 80
68 107
68 114
68 132
68 150
68 158
68 161
68 167
68 176
68 178
68 179
68 183
68 199
69 75
69 77
69 78
69 80
69 103
69 108
69 111
69 123
69 124
69 147
69 155
69 156
69 163
69 167
69 168
70 99
70 100
70 117
70 120
70 122
70 142
70 143
70 157
70 175
70 176
71 80
71 84
71 129
71 141
71 167
71 172
71 191
72 74
72 80
72 82
72 85
72 100
72 103
72 116
72 129
72 151
72 154
72 157
72 159
72 165
72 167
72 172
72 173
72 179
72 185
72 188
73 87
73 92
73 94
73 108
73 110
73 126
73 146
73 167
73 182
73 187
73 197
74 84
74 103
74 104
74 126
74 130
74 142
74 146
74 151
74 154
74 175
74 178
75 81
75 85
75 124
75 136
75 144
75 169
75 175
75 181
75 184
75 190
75 193
75 197
76 89
76 94
76 128
76 151
76 153
76 157
76 184
76 194
76 197
77 96
77 111
77 127
77 152
77 156
77 173
77 185
77 191
77 195
78 85
78 87
78 95
78 117
78 121
78 123
78 124
78 137
78 140
78 184
78 192
79 109
79 114
79 124
79 155
79 160
79 177
79 192
79 197
79 198
80 83
80 92
80 103
80 104
80 119
80 123
80 128
80 131
80 143
80 145
80 147
80 154
80 167
80 170
80 184
80 196
80 198
81 87
81 88
81 91
81 101
81 104
81 116
81 125
81 128
81 135
81 136
81 146
81 150
81 166
81 168
81 174
81 185
81 187
81 190
81 194
82 92
82 117
82 119
82 129
82 139
82 144
82 149
82 155
82 161
83 100
83 108
83 120
83 123
83 124
83 126
83 127
83 128
83 133
83 143
83 151
83 175
83 186
83 193
83 197
83 199
84 118
84 124
84 125
84 139
84 146
84 147
84 152
84 160
84 165
85 98
85 119
85 124
85 135
85 143
85 149
85 151
85 152
85 182
85 183
86 96
86 97
86 106
86 117
86 124
86 147
86 150
86 156
86 184
86 191
87 106
87 116
87 118
87 121
87 130
87 141
87 145
87 152
87 153
87 167
87 177
87 181
87 192
88 103
88 106
88 118
88 146
88 148
88 152
88 154
88 156
88 158
88 167
88 181
88 182
88 197
89 91
89 98
89 104
89 113
89 116
89 138
89 150
89 155
89 156
89 165
89 174
89 192
89 194
90 93
90 94
90 96
90 105
90 112
90 114
90 129
90 136
90 183
90 192
90 199
91 95
91 105
91 139
91 153
91 159
91 172
91 175
91 191
91 198
92 93
92 96
92 125
92 133
92 138
92 145
92 147
92 162
92 174
92 179
92 194
93 105
93 106
93 135
93 160
93 170
93 182
94 97
94 103
94 105
94 117
94 118
94 127
94 136
94 145
94 150
94 163
94 172
94 174
94 182
94 193
95 120
95 134
95 140
95 175
95 180
96 102
96 137
96 155
96 161
96 174
96 175
96 192
96 199
97 107
97 109
97 151
97 157
97 169
97 186
97 198
98 100
98 101
98 103
98 118
98 125
98 178
98 179
98 193
99 106
99 110
99 113
99 121
99 126
99 135
99 141
99 147
99 155
99 174
99 185
99 186
99 197
99 198
100 114
100 116
100 118
100 128
100 132
100 136
100 146
100 154
100 166
100 196
101 104
101 113
101 121
101 129
101 132
101 140
101 160
101 175
101 187
101 188
101 189
101 194
101 198
102 108
102 123
102 124
102 153
102 156
102 158
102 163
102 169
102 172
102 173
102 180
102 194
102 198
103 104
103 107
103 127
103 152
103 154
103 156
103 157
103 158
103 159
103 171
103 173
103 181
103 183
103 195
103 197
104 120
104 127
104 136
104 142
104 154
104 165
104 195
105 115
105 118
105 126
105 128
105 138
105 146
105 150
105 152
105 166
105 178
105 181
105 184
106 114
106 118
106 123
106 128
106 131
106 133
106 134
106 137
106 147
106 165
106 166
106 169
106 195
107 117
107 153
107 158
107 190
107 192
108 115
108 117
108 120
108 121
108 126
108 131
108 132
108 153
108 168
108 195
108 196
108 198
109 112
109 156
109 168
109 172
109 190
109 196
110 115
110 119
110 140
110 141
110 144
110 153
110 157
110 160
110 171
110 174
110 189
110 194
111 117
111 125
111 135
111 150
111 160
111 167
111 170
111 194
112 117
112 124
112 135
112 145
112 147
112 149
112 157
112 161
113 124
113 140
113 145
113 163
113 169
114 124
114 151
114 162
114 176
114 178
114 182
114 188
114 198
115 116
115 118
115 130
115 132
115 135
115 139
115 142
115 170
115 173
115 176
115 184
115 188
116 125
116 157
116 159
116 172
116 193
117 120
117 127
117 137
117 142
117 149
117 153
117 168
117 169
117 195
118 129
118 137
118 146
118 158
118 174
118 183
118 188
118 193
118 199
119 133
119 134
119 174
119 190
119 197
120 121
120 152
120 168
120 172
120 185
120 186
121 126
121 128
121 129
121 140
121 148
121 160
121 166
121 175
121 189
121 193
122 140
122 155
122 156
122 185
122 188
122 191
122 193
122 195
122 197
123 128
123 142
123 152
123 169
123 196
124 131
124 152
124 161
124 162
124 174
124 179
124 186
124 189
125 129
125 130
125 135
125 150
125 157
125 166
125 173
125 193
126 129
126 131
126 135
126 139
126 140
126 150
126 154
126 166
126 176
126 181
126 194
127 145
127 148
127 149
127 193
127 197
128 149
128 154
128 162
128 171
128 173
128 183
128 186
129 135
129 143
129 169
129 174
129 177
129 182
129 198
130 137
130 144
130 164
130 186
130 192
130 194
131 142
131 145
131 156
131 162
131 164
131 171
131 181
132 146
132 154
132 167
132 179
132 181
132 187
132 193
133 169
133 179
133 195
133 198
134 147
134 153
134 171
134 177
134 199
135 155
135 163
135 192
136 142
136 148
136 167
136 185
136 187
136 189
136 190
137 162
137 193
137 198
138 140
138 142
138 148
138 153
138 154
138 159
138 161
138 170
138 172
138 174
138 175
138 178
138 181
138 191
138 197
139 143
139 180
139 186
139 190
139 194
139 198
140 146
140 149
140 151
140 160
140 167
140 169
140 170
140 188
140 191
140 195
141 147
141 148
141 176
141 179
141 187
141 193
142 144
142 172
142 176
142 177
142 180
142 198
143 144
143 156
143 171
143 186
144 158
144 159
144 181
144 184
144 197
144 199
145 151
145 182
145 189
145 197
145 198
145 199
146 179
146 192
146 193
147 182
148 157
148 166
148 175
148 191
148 195
148 198
149 155
149 162
149 169
149 171
149 178
149 191
149 196
150 171
150 183
150 185
150 188
150 192
151 166
151 180
151 184
152 153
152 181
153 156
153 158
153 176
153 188
154 157
154 189
154 194
154 197
155 169
155 174
155 193
156 162
156 193
156 196
157 173
157 184
157 190
157 191
157 199
158 162
158 164
158 171
158 177
158 180
159 162
159 171
160 175
160 177
161 164
161 167
161 185
161 196
162 168
162 173
162 197
163 182
163 183
163 192
163 193
163 196
164 166
164 170
164 177
164 179
164 192
164 195
165 172
165 177
165 191
166 169
166 174
166 176
166 178
166 194
167 168
167 175
167 183
167 199
168 172
168 173
168 182
168 185
168 187
168 188
168 199
169 170
169 176
169 185
169 192
170 171
171 187
171 188
172 184
172 194
173 177
173 179
173 180
173 184
173 191
173 196
174 180
174 181
174 185
174 186
174 195
175 187
175 190
176 179
176 183
177 179
178 181
178 184
178 192
178 196
179 180
179 181
179 186
180 182
181 197
183 189
184 190
184 195
185 186
185 193
186 189
186 196
188 190
188 198
188 199
189 192
190 191
190 193
193 197
193 198
194 195
