200 3946
0 2
0 3
0 5
0 20
0 29
0 32
0 34
0 35
0 39
0 42
0 52
0 54
0 58
0 59
0 61
0 68
0 70
0 72
0 80
0 87
0 88
0 93
0 100
0 106
0 109
0 116
0 117
0 118
0 126
0 127
0 128
0 129
0 133
0 135
0 138
0 142
0 143
0 144
0 151
0 153
0 156
0 162
0 165
0 168
0 171
0 172
0 173
0 175
0 180
0 185
0 191
0 195
0 197
1 5
1 8
1 15
1 30
1 35
1 36
1 39
1 43
1 48
1 55
1 57
1 62
1 71
1 81
1 85
1 88
1 89
1 94
1 103
1 113
1 116
1 118
1 122
1 135
1 137
1 154
1 156
1 159
1 161
1 167
1 175
1 178
1 184
1 190
1 193
1 195
2 4
2 9
2 14
2 15
2 19
2 23
2 25
2 29
2 31
2 38
2 45
2 51
2 57
2 63
2 71
2 78
2 79
2 88
2 90
2 100
2 104
2 114
2 116
2 125
2 129
2 131
2 134
2 145
2 146
2 148
2 150
2 153
2 164
2 166
2 175
2 179
2 182
2 184
2 188
2 189
2 190
2 192
2 195
2 199
3 12
3 16
3 23
3 36
3 43
3 46
3 53
3 56
3 62
3 66
3 68
3 76
3 82
3 88
3 90
3 100
3 119
3 124
3 125
3 132
3 137
3 138
3 142
3 154
3 156
3 158
3 159
3 161
3 166
3 171
3 173
3 178
3 183
3 184
3 198
4 9
4 11
4 13
4 14
4 15
4 17
4 19
4 21
4 30
4 35
4 44
4 47
4 50
4 62
4 63
4 70
4 72
4 73
4 89
4 91
4 95
4 106
4 120
4 137
4 148
4 160
4 174
4 175
4 176
4 181
4 191
4 195
5 7
5 11
5 15
5 16
5 17
5 20
5 21
5 29
5 31
5 39
5 40
5 44
5 48
5 50
5 54
5 57
5 58
5 72
5 78
5 82
5 84
5 88
5 94
5 102
5 104
5 106
5 116
5 118
5 119
5 135
5 142
5 155
5 156
5 158
5 169
5 174
5 177
5 183
5 193
5 194
5 195
5 196
5 197
6 12
6 23
6 27
6 33
6 35
6 45
6 46
6 48
6 57
6 70
6 78
6 79
6 85
6 96
6 99
6 100
6 103
6 104
6 105
6 116
6 121
6 122
6 127
6 131
6 136
6 139
6 142
6 146
6 148
6 156
6 176
6 178
6 181
6 191
6 197
6 198
7 8
7 10
7 13
7 17
7 18
7 19
7 21
7 37
7 39
7 49
7 50
7 55
7 62
7 71
7 72
7 93
7 94
7 99
7 106
7 112
7 113
7 146
7 150
7 163
7 166
7 169
7 170
7 172
7 179
7 184
7 185
7 186
7 187
7 193
8 15
8 17
8 21
8 25
8 26
8 34
8 40
8 53
8 56
8 71
8 73
8 90
8 95
8 97
8 98
8 103
8 106
8 109
8 111
8 113
8 118
8 123
8 125
8 134
8 140
8 142
8 149
8 153
8 155
8 158
8 176
8 178
8 184
8 187
8 190
8 194
8 197
9 10
9 20
9 26
9 43
9 46
9 60
9 64
9 67
9 72
9 79
9 83
9 84
9 89
9 96
9 100
9 103
9 104
9 105
9 107
9 123
9 126
9 134
9 141
9 146
9 149
9 150
9 153
9 157
9 160
9 161
9 164
9 165
9 167
9 171
9 178
9 183
9 185
9 198
10 11
10 32
10 33
10 37
10 38
10 41
10 43
10 45
10 53
10 55
10 57
10 60
10 71
10 76
10 78
10 84
10 86
10 89
10 95
10 107
10 110
10 117
10 120
10 121
10 122
10 129
10 130
10 133
10 134
10 139
10 142
10 154
10 159
10 162
10 163
10 164
10 165
10 166
10 176
10 178
10 183
10 185
10 193
10 195
10 197
11 12
11 22
11 24
11 34
11 43
11 47
11 50
11 65
11 67
11 69
11 70
11 72
11 76
11 84
11 94
11 105
11 106
11 109
11 113
11 115
11 116
11 118
11 120
11 122
11 125
11 127
11 128
11 131
11 137
11 139
11 161
11 165
11 166
11 173
11 178
11 182
11 187
12 16
12 17
12 25
12 27
12 31
12 36
12 37
12 43
12 47
12 52
12 53
12 54
12 55
12 56
12 64
12 81
12 84
12 87
12 92
12 100
12 105
12 108
12 112
12 114
12 123
12 130
12 131
12 132
12 142
12 151
12 153
12 156
12 158
12 162
12 163
12 164
12 191
12 196
13 21
13 27
13 32
13 37
13 47
13 50
13 59
13 63
13 70
13 104
13 113
13 137
13 141
13 149
13 150
13 152
13 157
13 163
13 165
13 175
13 182
13 184
13 191
13 192
13 196
13 198
13 199
14 17
14 32
14 37
14 42
14 44
14 51
14 61
14 63
14 65
14 69
14 71
14 74
14 78
14 80
14 90
14 91
14 106
14 112
14 113
14 115
14 120
14 121
14 125
14 132
14 133
14 142
14 150
14 153
14 155
14 159
14 162
14 171
14 179
14 184
15 18
15 21
15 23
15 32
15 36
15 44
15 66
15 69
15 72
15 78
15 79
15 85
15 87
15 94
15 97
15 128
15 132
15 137
15 140
15 143
15 150
15 155
15 160
15 161
15 164
15 167
15 169
15 170
15 172
15 175
15 193
16 17
16 19
16 27
16 28
16 30
16 32
16 38
16 49
16 51
16 52
16 58
16 59
16 77
16 78
16 79
16 92
16 95
16 96
16 99
16 100
16 101
16 105
16 114
16 117
16 119
16 130
16 135
16 142
16 143
16 151
16 152
16 156
16 157
16 158
16 170
16 172
16 177
16 180
16 181
16 185
16 191
16 199
17 23
17 25
17 26
17 30
17 32
17 35
17 37
17 49
17 56
17 57
17 58
17 63
17 77
17 80
17 82
17 84
17 89
17 92
17 97
17 99
17 103
17 104
17 108
17 109
17 111
17 113
17 114
17 121
17 131
17 138
17 142
17 145
17 146
17 153
17 171
17 173
17 179
17 188
17 196
18 20
18 26
18 38
18 49
18 63
18 73
18 75
18 76
18 78
18 80
18 82
18 89
18 93
18 100
18 102
18 104
18 107
18 110
18 114
18 135
18 136
18 139
18 141
18 144
18 147
18 150
18 163
18 166
18 168
18 171
18 172
18 177
18 178
18 183
18 185
18 192
18 195
18 197
18 199
19 27
19 28
19 32
19 34
19 36
19 51
19 56
19 63
19 67
19 69
19 73
19 74
19 78
19 80
19 95
19 102
19 106
19 110
19 118
19 123
19 127
19 133
19 136
19 138
19 146
19 148
19 149
19 154
19 158
19 161
19 169
19 185
19 188
19 190
19 199
20 21
20 26
20 33
20 45
20 53
20 55
20 56
20 60
20 63
20 65
20 70
20 77
20 87
20 92
20 100
20 109
20 123
20 128
20 134
20 140
20 143
20 151
20 155
20 159
20 161
20 168
20 173
20 179
20 182
20 184
20 191
20 193
20 196
21 26
21 37
21 38
21 48
21 59
21 64
21 84
21 85
21 87
21 88
21 99
21 102
21 105
21 109
21 114
21 120
21 121
21 124
21 126
21 130
21 132
21 135
21 136
21 140
21 143
21 151
21 160
21 167
21 169
21 172
21 175
21 178
21 182
21 186
21 193
21 194
22 30
22 33
22 38
22 39
22 45
22 53
22 60
22 63
22 71
22 75
22 82
22 91
22 107
22 110
22 111
22 113
22 115
22 124
22 128
22 129
22 136
22 140
22 143
22 146
22 147
22 150
22 160
22 162
22 164
22 176
22 186
22 191
22 195
22 199
23 25
23 26
23 34
23 40
23 50
23 58
23 59
23 65
23 75
23 77
23 80
23 83
23 84
23 86
23 94
23 95
23 105
23 112
23 113
23 116
23 119
23 121
23 123
23 126
23 127
23 129
23 131
23 133
23 136
23 137
23 140
23 145
23 147
23 167
23 168
23 172
23 178
23 186
23 192
23 196
23 197
24 27
24 28
24 42
24 51
24 53
24 61
24 75
24 76
24 79
24 81
24 82
24 83
24 84
24 89
24 90
24 92
24 93
24 99
24 104
24 109
24 116
24 121
24 127
24 128
24 134
24 140
24 143
24 154
24 155
24 162
24 168
24 169
24 174
24 177
24 178
24 180
24 182
24 191
25 31
25 34
25 39
25 48
25 54
25 55
25 61
25 67
25 69
25 83
25 86
25 87
25 91
25 96
25 102
25 104
25 111
25 115
25 116
25 124
25 128
25 138
25 139
25 140
25 142
25 143
25 156
25 158
25 172
25 176
25 177
25 181
25 185
25 186
25 189
25 190
25 198
26 31
26 35
26 38
26 45
26 48
26 50
26 56
26 58
26 65
26 68
26 69
26 92
26 96
26 100
26 107
26 111
26 116
26 119
26 121
26 126
26 133
26 142
26 148
26 163
26 166
26 168
26 169
26 170
26 171
26 176
26 181
26 189
26 193
26 197
26 198
27 29
27 37
27 38
27 70
27 74
27 79
27 83
27 85
27 86
27 93
27 100
27 101
27 103
27 105
27 108
27 110
27 114
27 119
27 126
27 135
27 140
27 141
27 148
27 149
27 152
27 156
27 159
27 161
27 166
27 168
27 179
27 184
27 185
27 188
27 190
27 195
27 196
27 197
28 30
28 34
28 36
28 43
28 51
28 57
28 60
28 63
28 65
28 68
28 70
28 106
28 116
28 130
28 131
28 135
28 139
28 155
28 173
28 174
28 178
28 190
28 195
29 47
29 53
29 55
29 67
29 68
29 72
29 78
29 80
29 91
29 92
29 95
29 96
29 100
29 101
29 110
29 113
29 116
29 122
29 124
29 130
29 133
29 138
29 143
29 148
29 162
29 163
29 171
29 172
29 179
29 182
30 35
30 36
30 41
30 43
30 60
30 67
30 69
30 71
30 77
30 80
30 84
30 88
30 90
30 92
30 95
30 100
30 111
30 119
30 123
30 130
30 133
30 135
30 147
30 148
30 150
30 153
30 155
30 156
30 157
30 159
30 162
30 163
30 165
30 169
30 172
30 173
30 179
30 180
30 181
30 189
31 32
31 36
31 37
31 57
31 60
31 63
31 66
31 71
31 73
31 85
31 86
31 88
31 90
31 94
31 97
31 105
31 112
31 114
31 115
31 117
31 123
31 124
31 131
31 132
31 142
31 150
31 153
31 154
31 158
31 163
31 164
31 165
31 166
31 168
31 169
31 173
31 188
31 189
31 193
31 194
31 198
32 38
32 44
32 47
32 49
32 56
32 62
32 64
32 65
32 67
32 70
32 80
32 95
32 96
32 101
32 108
32 114
32 115
32 118
32 122
32 126
32 130
32 134
32 135
32 137
32 138
32 141
32 149
32 150
32 153
32 154
32 160
32 167
32 172
32 174
32 179
32 182
32 191
32 193
32 194
32 197
33 36
33 42
33 44
33 48
33 50
33 51
33 52
33 54
33 57
33 63
33 68
33 76
33 78
33 80
33 81
33 82
33 89
33 91
33 93
33 94
33 99
33 108
33 111
33 117
33 121
33 122
33 127
33 130
33 143
33 144
33 150
33 152
33 163
33 167
33 173
33 183
33 184
33 185
33 199
34 36
34 43
34 49
34 57
34 60
34 91
34 92
34 93
34 109
34 111
34 118
34 120
34 129
34 130
34 137
34 146
34 148
34 150
34 155
34 160
34 167
34 168
34 171
34 180
34 189
34 191
34 195
34 199
35 37
35 41
35 49
35 60
35 84
35 86
35 101
35 103
35 111
35 114
35 121
35 127
35 133
35 135
35 136
35 141
35 143
35 144
35 149
35 150
35 161
35 164
35 168
35 172
35 177
35 179
35 182
35 183
35 187
35 194
35 195
36 44
36 47
36 55
36 58
36 60
36 62
36 64
36 66
36 77
36 80
36 86
36 89
36 93
36 98
36 99
36 106
36 114
36 115
36 117
36 120
36 126
36 129
36 132
36 133
36 149
36 151
36 152
36 153
36 154
36 162
36 172
36 179
36 182
36 195
37 41
37 57
37 64
37 70
37 78
37 80
37 82
37 89
37 90
37 107
37 114
37 123
37 130
37 138
37 146
37 147
37 162
37 163
37 165
37 175
37 188
37 190
37 198
38 42
38 43
38 53
38 59
38 60
38 70
38 71
38 73
38 81
38 96
38 105
38 109
38 110
38 120
38 136
38 141
38 144
38 149
38 150
38 151
38 162
38 168
38 170
38 173
38 174
38 175
38 189
38 193
38 196
39 42
39 44
39 45
39 54
39 65
39 69
39 73
39 75
39 86
39 89
39 95
39 98
39 99
39 102
39 107
39 109
39 116
39 133
39 134
39 136
39 137
39 139
39 141
39 145
39 146
39 169
39 178
39 184
39 185
39 187
39 190
40 45
40 53
40 62
40 63
40 69
40 71
40 75
40 80
40 87
40 88
40 94
40 106
40 108
40 115
40 119
40 120
40 125
40 135
40 137
40 146
40 156
40 157
40 160
40 167
40 169
40 170
40 177
40 178
40 179
40 188
40 189
40 193
40 195
41 44
41 45
41 49
41 51
41 62
41 71
41 74
41 79
41 81
41 86
41 89
41 94
41 100
41 106
41 109
41 118
41 121
41 126
41 127
41 134
41 136
41 137
41 142
41 143
41 146
41 148
41 152
41 154
41 155
41 159
41 175
41 177
41 191
41 192
42 50
42 56
42 61
42 67
42 69
42 79
42 83
42 84
42 87
42 89
42 95
42 102
42 106
42 107
42 108
42 113
42 114
42 119
42 130
42 131
42 133
42 140
42 141
42 144
42 158
42 159
42 165
42 173
42 174
42 177
42 192
43 46
43 51
43 54
43 57
43 60
43 63
43 76
43 84
43 92
43 102
43 109
43 110
43 114
43 132
43 145
43 148
43 152
43 155
43 157
43 163
43 165
43 178
43 181
43 188
43 192
43 196
44 46
44 57
44 75
44 82
44 85
44 86
44 89
44 91
44 94
44 96
44 99
44 100
44 102
44 109
44 114
44 116
44 117
44 119
44 127
44 131
44 135
44 138
44 151
44 161
44 165
44 171
44 178
44 182
45 51
45 52
45 54
45 56
45 63
45 71
45 73
45 74
45 75
45 76
45 78
45 81
45 84
45 86
45 89
45 93
45 94
45 98
45 100
45 104
45 107
45 111
45 119
45 125
45 144
45 149
45 154
45 159
45 163
45 181
45 192
46 47
46 48
46 56
46 58
46 59
46 81
46 84
46 85
46 88
46 90
46 92
46 105
46 108
46 109
46 119
46 121
46 124
46 126
46 133
46 141
46 143
46 147
46 153
46 155
46 161
46 164
46 171
46 173
46 174
46 179
46 180
46 186
46 189
47 48
47 49
47 57
47 61
47 65
47 74
47 75
47 79
47 89
47 106
47 109
47 115
47 119
47 120
47 122
47 124
47 128
47 130
47 135
47 143
47 150
47 157
47 161
47 163
47 165
47 168
47 173
47 176
47 182
47 186
47 189
47 195
48 60
48 62
48 63
48 66
48 82
48 85
48 88
48 96
48 100
48 113
48 120
48 124
48 129
48 134
48 141
48 146
48 152
48 160
48 164
48 168
48 170
48 178
48 184
49 57
49 59
49 62
49 70
49 82
49 83
49 87
49 101
49 102
49 106
49 112
49 115
49 117
49 125
49 131
49 134
49 158
49 165
49 176
49 180
49 182
49 183
49 184
49 189
49 190
49 193
49 198
50 51
50 63
50 70
50 71
50 75
50 86
50 94
50 101
50 103
50 119
50 129
50 145
50 147
50 149
50 154
50 156
50 160
50 162
50 168
50 171
50 173
50 185
50 187
50 188
50 198
51 54
51 57
51 58
51 68
51 74
51 89
51 91
51 93
51 98
51 99
51 101
51 111
51 135
51 148
51 159
51 163
51 174
51 176
51 185
52 54
52 55
52 65
52 66
52 71
52 72
52 76
52 84
52 103
52 104
52 107
52 118
52 126
52 141
52 144
52 152
52 158
52 159
52 161
52 163
52 167
52 175
52 178
52 182
52 183
52 188
52 189
53 58
53 61
53 62
53 65
53 74
53 75
53 92
53 93
53 94
53 95
53 100
53 103
53 109
53 111
53 112
53 114
53 118
53 121
53 127
53 129
53 153
53 164
53 166
53 169
53 172
53 176
53 182
53 192
53 193
53 195
53 199
54 72
54 75
54 80
54 82
54 87
54 91
54 97
54 107
54 115
54 120
54 124
54 131
54 132
54 140
54 141
54 144
54 146
54 158
54 161
54 168
54 184
54 187
54 192
54 193
54 197
54 199
55 61
55 66
55 77
55 78
55 90
55 93
55 94
55 99
55 104
55 105
55 108
55 111
55 114
55 120
55 124
55 127
55 131
55 134
55 137
55 140
55 141
55 142
55 147
55 152
55 154
55 158
55 160
55 161
55 163
55 165
55 174
55 178
55 187
55 188
55 190
55 191
55 192
55 195
56 58
56 60
56 71
56 73
56 98
56 104
56 114
56 116
56 119
56 122
56 132
56 134
56 139
56 143
56 161
56 164
56 175
56 177
56 182
56 188
56 199
57 60
57 62
57 65
57 70
57 88
57 90
57 101
57 102
57 105
57 108
57 111
57 114
57 119
57 123
57 135
57 138
57 140
57 144
57 146
57 148
57 149
57 150
57 153
57 160
57 161
57 162
57 163
57 165
57 172
57 184
57 186
57 187
57 189
57 194
57 198
57 199
58 59
58 66
58 71
58 72
58 73
58 82
58 86
58 90
58 121
58 124
58 128
58 131
58 134
58 136
58 159
58 162
58 166
58 168
58 169
58 171
58 172
58 183
58 186
58 194
59 62
59 65
59 66
59 72
59 74
59 75
59 91
59 94
59 98
59 105
59 110
59 113
59 115
59 120
59 121
59 128
59 145
59 146
59 164
59 168
59 172
59 173
59 179
59 182
59 185
59 191
59 195
59 196
60 62
60 66
60 72
60 74
60 76
60 78
60 79
60 88
60 91
60 98
60 100
60 101
60 109
60 112
60 119
60 135
60 141
60 144
60 146
60 150
60 154
60 157
60 158
60 164
60 166
60 172
60 173
60 175
60 177
60 181
60 182
60 186
60 198
61 62
61 63
61 68
61 69
61 71
61 75
61 80
61 96
61 97
61 98
61 99
61 106
61 120
61 123
61 126
61 135
61 142
61 144
61 147
61 152
61 154
61 160
61 174
61 182
61 185
61 186
61 188
61 195
61 196
62 69
62 72
62 73
62 75
62 76
62 87
62 91
62 96
62 97
62 98
62 110
62 112
62 117
62 118
62 121
62 124
62 127
62 129
62 137
62 142
62 153
62 154
62 156
62 163
62 167
62 171
62 174
62 176
62 179
62 180
62 185
62 191
62 193
62 197
63 65
63 66
63 69
63 70
63 78
63 84
63 85
63 86
63 87
63 89
63 94
63 96
63 102
63 109
63 116
63 120
63 123
63 132
63 135
63 137
63 138
63 140
63 145
63 146
63 153
63 159
63 162
63 163
63 170
63 181
63 184
63 191
63 196
64 66
64 71
64 75
64 80
64 83
64 84
64 93
64 96
64 103
64 106
64 118
64 122
64 125
64 127
64 139
64 140
64 141
64 145
64 148
64 156
64 157
64 166
64 168
64 175
64 180
64 186
64 187
64 196
64 198
65 68
65 69
65 70
65 71
65 76
65 78
65 79
65 83
65 86
65 96
65 98
65 99
65 100
65 103
65 104
65 105
65 118
65 120
65 124
65 125
65 127
65 129
65 136
65 140
65 142
65 158
65 159
65 165
65 172
65 177
65 179
65 181
65 183
65 186
65 189
65 191
65 198
66 72
66 81
66 82
66 96
66 100
66 102
66 111
66 119
66 120
66 124
66 130
66 131
66 132
66 134
66 137
66 140
66 141
66 144
66 152
66 153
66 155
66 166
66 167
66 168
66 170
66 171
66 183
66 191
67 71
67 72
67 81
67 93
67 94
67 99
67 101
67 105
67 114
67 118
67 119
67 123
67 134
67 138
67 143
67 150
67 154
67 158
67 161
67 163
67 165
67 167
67 171
67 176
67 190
67 191
67 199
68 69
68 81
68 86
68 92
68 98
68 105
68 106
68 107
68 114
68 117
68 124
68 128
68 134
68 135
68 142
68 145
68 147
68 160
68 161
68 163
68 167
68 168
68 172
68 176
68 186
68 187
68 190
69 70
69 76
69 78
69 81
69 82
69 83
69 90
69 95
69 96
69 101
69 102
69 104
69 110
69 114
69 121
69 129
69 139
69 140
69 152
69 153
69 155
69 157
69 164
69 173
69 176
69 178
69 180
69 185
69 190
70 77
70 91
70 101
70 110
70 113
70 124
70 147
70 155
70 157
70 159
70 183
70 188
71 75
71 84
71 87
71 89
71 97
71 99
71 104
71 105
71 107
71 111
71 114
71 115
71 121
71 122
71 123
71 127
71 128
71 139
71 140
71 143
71 145
71 151
71 152
71 166
71 167
71 170
71 176
71 182
71 183
71 184
71 186
72 81
72 84
72 91
72 95
72 97
72 100
72 102
72 109
72 116
72 129
72 130
72 132
72 134
72 157
72 170
72 177
72 187
72 192
72 194
73 76
73 83
73 91
73 99
73 100
73 104
73 109
73 113
73 115
73 118
73 125
73 132
73 133
73 139
73 153
73 161
73 163
73 164
73 168
73 172
73 174
73 179
73 186
73 189
73 198
74 75
74 82
74 85
74 86
74 97
74 99
74 102
74 111
74 114
74 125
74 130
74 131
74 135
74 140
74 147
74 148
74 149
74 151
74 168
74 177
74 179
74 183
74 186
74 188
74 197
75 78
75 81
75 84
75 93
75 96
75 98
75 104
75 105
75 108
75 114
75 120
75 136
75 138
75 150
75 153
75 162
75 166
75 171
75 175
75 187
76 83
76 84
76 85
76 86
76 87
76 93
76 95
76 99
76 102
76 113
76 128
76 136
76 138
76 139
76 142
76 147
76 154
76 161
76 167
76 170
76 174
76 179
76 197
77 80
77 83
77 90
77 94
77 96
77 102
77 103
77 107
77 112
77 119
77 120
77 123
77 134
77 138
77 141
77 149
77 157
77 160
77 170
77 178
77 190
77 195
77 196
77 197
77 199
78 82
78 93
78 100
78 103
78 105
78 110
78 113
78 114
78 121
78 127
78 129
78 130
78 131
78 134
78 136
78 152
78 156
78 163
78 186
78 189
78 192
78 199
79 81
79 82
79 83
79 84
79 92
79 96
79 105
79 107
79 108
79 111
79 118
79 131
79 135
79 136
79 138
79 141
79 148
79 151
79 153
79 157
79 158
79 164
79 170
79 177
79 186
79 193
79 196
80 82
80 85
80 86
80 87
80 89
80 95
80 99
80 106
80 112
80 113
80 125
80 132
80 133
80 136
80 138
80 139
80 140
80 146
80 150
80 151
80 162
80 166
80 172
80 185
80 187
80 198
81 98
81 116
81 120
81 128
81 131
81 132
81 133
81 149
81 151
81 165
81 166
81 167
81 168
81 173
81 175
81 184
81 194
82 86
82 91
82 92
82 93
82 95
82 101
82 112
82 121
82 123
82 126
82 129
82 135
82 139
82 145
82 152
82 160
82 165
82 168
82 172
82 174
82 175
82 182
82 183
83 85
83 87
83 97
83 98
83 108
83 113
83 124
83 132
83 136
83 138
83 142
83 149
83 153
83 160
83 171
83 176
83 184
83 188
83 194
84 86
84 107
84 109
84 113
84 116
84 119
84 124
84 142
84 169
84 175
84 177
84 181
84 183
84 191
84 199
85 92
85 97
85 110
85 111
85 119
85 120
85 121
85 124
85 131
85 133
85 134
85 140
85 143
85 147
85 158
85 164
85 166
85 169
85 170
85 172
85 174
85 181
85 184
85 189
85 191
85 193
85 198
86 96
86 104
86 111
86 118
86 119
86 122
86 123
86 130
86 135
86 139
86 151
86 152
86 168
86 169
86 170
86 172
86 175
86 181
86 185
86 188
86 193
87 95
87 107
87 116
87 118
87 124
87 129
87 136
87 144
87 145
87 156
87 167
87 171
87 172
87 183
87 185
87 187
87 188
87 195
87 196
88 89
88 99
88 100
88 101
88 104
88 107
88 109
88 110
88 111
88 126
88 139
88 140
88 143
88 147
88 150
88 155
88 164
88 169
88 176
88 180
88 194
88 196
88 198
89 92
89 93
89 97
89 106
89 113
89 116
89 125
89 127
89 128
89 129
89 135
89 138
89 142
89 143
89 146
89 164
89 170
89 174
89 176
89 183
89 184
89 195
90 99
90 105
90 108
90 111
90 112
90 115
90 132
90 137
90 141
90 161
90 166
90 178
90 184
90 186
90 187
90 192
91 97
91 99
91 101
91 102
91 104
91 105
91 122
91 142
91 146
91 150
91 155
91 163
91 164
91 168
91 173
91 175
91 177
91 178
91 179
91 184
91 191
91 193
91 198
92 99
92 109
92 110
92 119
92 120
92 122
92 129
92 130
92 131
92 142
92 150
92 152
92 157
92 162
92 164
92 166
92 178
92 184
92 190
92 191
92 193
92 196
93 98
93 144
93 166
93 174
93 180
93 184
93 189
94 108
94 110
94 121
94 131
94 146
94 156
94 157
94 163
94 165
94 176
94 177
94 182
94 184
94 188
94 197
95 100
95 101
95 104
95 105
95 110
95 120
95 124
95 128
95 130
95 143
95 148
95 151
95 158
95 161
95 166
95 167
95 172
95 174
95 182
95 183
95 188
95 190
96 101
96 108
96 110
96 114
96 116
96 118
96 120
96 124
96 129
96 130
96 136
96 139
96 144
96 148
96 156
96 162
96 166
96 173
96 174
96 177
96 180
96 183
96 187
96 198
97 103
97 107
97 120
97 125
97 133
97 135
97 140
97 145
97 147
97 160
97 168
97 170
97 174
97 175
97 180
98 99
98 101
98 102
98 117
98 118
98 122
98 123
98 124
98 132
98 134
98 137
98 151
98 155
98 156
98 168
98 170
98 171
98 173
98 174
98 177
98 192
98 196
99 101
99 109
99 117
99 133
99 139
99 141
99 142
99 153
99 165
99 168
99 175
99 180
99 186
99 196
100 103
100 116
100 119
100 123
100 141
100 153
100 159
100 162
100 175
100 179
100 186
100 190
101 106
101 110
101 115
101 127
101 128
101 136
101 139
101 140
101 141
101 148
101 150
101 158
101 159
101 164
101 178
101 180
101 184
101 189
101 194
101 195
101 198
102 108
102 111
102 113
102 119
102 124
102 131
102 132
102 133
102 140
102 142
102 143
102 147
102 149
102 153
102 156
102 163
102 167
102 174
102 177
102 178
102 180
102 184
102 192
102 194
102 195
102 198
103 106
103 107
103 112
103 117
103 119
103 131
103 136
103 140
103 155
103 168
103 182
103 190
103 192
103 195
103 196
104 106
104 113
104 115
104 117
104 121
104 130
104 134
104 145
104 146
104 147
104 153
104 156
104 159
104 176
104 178
104 190
104 191
104 197
105 108
105 110
105 112
105 114
105 118
105 125
105 127
105 128
105 129
105 132
105 141
105 143
105 148
105 151
105 157
105 160
105 171
105 173
105 188
105 194
105 195
105 198
106 108
106 111
106 112
106 119
106 124
106 126
106 145
106 158
106 167
106 178
106 180
106 185
106 189
106 195
107 111
107 120
107 122
107 126
107 127
107 129
107 140
107 153
107 161
107 165
107 176
107 181
107 182
107 187
107 188
107 189
107 195
107 196
107 198
108 112
108 117
108 118
108 119
108 120
108 122
108 125
108 127
108 131
108 133
108 136
108 144
108 149
108 153
108 163
108 169
108 178
108 179
108 184
108 191
108 197
109 118
109 120
109 135
109 141
109 142
109 148
109 150
109 153
109 155
109 161
109 162
109 166
109 173
109 178
109 182
109 186
109 195
110 113
110 114
110 118
110 125
110 140
110 141
110 142
110 150
110 152
110 153
110 155
110 157
110 169
110 174
110 186
110 193
110 199
111 116
111 117
111 120
111 125
111 128
111 131
111 142
111 144
111 148
111 149
111 150
111 152
111 159
111 162
111 167
111 168
111 169
111 171
111 183
111 184
111 185
111 186
111 188
111 190
112 118
112 120
112 122
112 123
112 124
112 125
112 129
112 130
112 132
112 138
112 141
112 144
112 147
112 161
112 164
112 165
112 168
112 171
112 172
112 174
112 182
112 184
112 186
112 187
112 190
112 192
112 198
113 115
113 117
113 119
113 120
113 130
113 132
113 134
113 138
113 139
113 144
113 150
113 156
113 178
113 179
113 184
113 185
113 192
113 196
113 198
114 122
114 125
114 133
114 141
114 144
114 149
114 151
114 154
114 155
114 157
114 159
114 160
114 166
114 171
114 176
114 177
114 188
115 127
115 134
115 144
115 146
115 154
115 159
115 160
115 161
115 165
115 184
115 196
115 197
115 199
116 118
116 132
116 139
116 158
116 159
116 161
116 162
116 164
116 171
116 182
116 197
117 120
117 121
117 125
117 126
117 138
117 139
117 143
117 144
117 147
117 150
117 156
117 176
117 185
117 191
118 126
118 127
118 132
118 137
118 139
118 148
118 151
118 152
118 156
118 164
118 165
118 172
118 182
118 183
118 184
118 187
118 189
118 194
119 120
119 135
119 137
119 139
119 141
119 151
119 152
119 155
119 157
119 161
119 163
119 172
119 173
119 186
119 188
119 198
120 121
120 129
120 132
120 133
120 134
120 136
120 138
120 142
120 146
120 151
120 152
120 155
120 158
120 159
120 160
120 163
120 165
120 173
120 174
120 176
120 181
120 193
120 198
121 122
121 127
121 130
121 132
121 142
121 148
121 151
121 155
121 162
121 168
121 171
121 179
121 181
121 185
121 188
121 199
122 123
122 131
122 135
122 149
122 154
122 170
122 176
122 178
122 179
122 186
122 188
122 191
123 125
123 127
123 129
123 131
123 133
123 134
123 141
123 142
123 143
123 147
123 149
123 150
123 151
123 156
123 161
123 162
123 173
123 179
123 184
123 195
123 199
124 125
124 132
124 133
124 136
124 141
124 144
124 147
124 151
124 159
124 161
124 180
124 181
124 182
124 187
124 196
124 197
124 199
125 131
125 133
125 140
125 141
125 173
125 176
125 185
125 197
125 198
125 199
126 128
126 148
126 164
126 173
126 175
126 179
126 181
126 185
126 192
126 193
126 194
126 199
127 128
127 134
127 137
127 139
127 157
127 165
127 169
127 173
127 177
127 183
127 197
128 129
128 133
128 134
128 145
128 157
128 159
128 163
128 164
128 165
128 167
128 169
128 180
128 191
128 194
128 195
128 199
129 130
129 140
129 150
129 151
129 153
129 162
129 166
129 167
129 168
129 170
129 173
129 189
129 191
129 194
129 195
129 197
130 131
130 137
130 142
130 144
130 146
130 151
130 161
130 163
130 170
130 171
130 180
130 187
130 191
130 193
130 194
130 196
131 136
131 142
131 145
131 147
131 161
131 166
131 169
131 170
131 180
131 186
131 188
131 189
131 193
131 195
131 196
132 133
132 143
132 145
132 146
132 147
132 149
132 153
132 159
132 165
132 166
132 174
132 183
132 187
132 192
133 141
133 142
133 143
133 145
133 146
133 149
133 151
133 164
133 169
133 175
133 177
133 179
133 181
133 183
133 187
133 188
133 194
134 140
134 144
134 145
134 146
134 148
134 149
134 164
134 167
134 171
134 172
134 175
134 179
135 139
135 142
135 146
135 151
135 152
135 156
135 157
135 159
135 166
135 169
135 170
135 173
135 174
135 178
135 179
135 183
135 189
135 191
135 195
135 196
136 137
136 139
136 140
136 143
136 147
136 156
136 157
136 162
136 169
136 185
136 188
136 191
137 138
137 145
137 148
137 157
137 164
137 168
137 169
137 175
137 179
137 180
138 139
138 144
138 148
138 149
138 150
138 151
138 152
138 159
138 162
138 167
138 168
138 171
138 172
138 177
138 192
138 197
138 198
139 149
139 161
139 164
139 173
139 174
139 178
139 182
139 185
139 187
139 192
139 196
139 199
140 148
140 156
140 163
140 177
140 179
140 184
140 186
140 187
140 190
140 195
141 147
141 149
141 154
141 156
141 167
141 178
141 183
141 186
141 198
142 144
142 152
142 154
142 161
142 166
142 176
142 179
142 187
142 188
142 189
142 191
142 192
142 193
143 148
143 155
143 162
143 171
143 179
143 180
143 181
143 183
143 192
143 193
143 195
143 199
144 152
144 159
144 168
144 173
144 177
144 181
144 182
144 188
144 191
144 193
145 146
145 151
145 153
145 160
145 169
145 177
145 178
145 185
145 194
145 195
145 198
145 199
146 149
146 152
146 158
146 176
146 181
146 185
146 193
146 195
147 150
147 155
147 163
147 184
147 195
148 150
148 152
148 155
148 156
148 161
148 166
148 182
148 184
148 199
149 160
149 162
149 167
149 169
149 172
149 179
149 184
149 188
150 156
150 165
150 175
150 182
150 188
150 193
150 195
151 169
151 174
151 177
151 185
151 193
152 171
152 174
152 177
152 178
152 185
152 189
152 192
152 197
152 199
153 155
153 156
153 159
153 173
153 178
153 179
153 191
153 193
153 198
153 199
154 156
154 159
154 161
154 163
154 167
154 192
154 195
154 198
155 164
155 170
155 174
155 184
155 188
156 169
156 175
156 179
156 184
156 187
156 188
156 189
156 197
157 158
157 164
157 168
157 170
157 177
157 178
157 181
157 184
157 189
157 191
157 193
158 160
158 172
158 175
158 181
158 186
159 163
159 165
159 170
159 171
159 177
159 181
159 182
159 195
159 199
160 163
160 166
160 173
160 177
160 181
160 189
160 191
160 193
161 163
161 174
161 176
161 186
161 187
161 188
161 192
161 194
161 198
162 168
162 170
162 171
162 181
162 186
162 198
163 166
163 170
163 175
163 176
163 181
163 186
163 190
163 191
163 193
163 197
163 198
164 169
164 171
164 183
164 189
164 191
164 194
164 197
165 175
165 180
165 183
165 189
165 193
165 196
165 197
165 199
166 185
166 193
167 175
167 179
167 186
167 192
168 172
168 183
168 188
168 190
168 195
168 199
169 174
169 177
169 181
169 183
169 191
169 193
169 195
170 177
170 181
170 183
170 185
170 186
170 191
170 193
170 198
171 172
171 176
171 177
171 178
171 185
171 187
171 196
171 197
171 198
171 199
172 174
172 184
172 185
172 188
173 174
173 177
173 195
173 196
174 184
174 189
174 196
174 199
175 177
175 180
175 182
175 185
175 187
175 188
175 193
175 194
175 197
176 184
176 186
176 187
176 189
176 191
176 195
176 197
176 199
177 182
177 184
177 186
177 187
177 196
178 181
179 183
179 185
179 187
179 188
179 191
179 195
179 198
180 185
180 186
180 195
180 198
181 182
181 184
181 186
181 188
181 199
182 183
182 189
182 192
182 197
183 184
183 187
183 192
183 193
183 195
184 189
184 190
184 192
184 194
184 195
184 196
185 189
185 196
185 198
185 199
186 189
186 196
187 190
187 196
187 198
188 189
188 190
188 196
188 197
189 191
189 193
189 195
189 198
189 199
190 191
191 196
192 193
192 197
192 199
195 197
196 197
