200 5960
0 10
0 12
0 13
0 14
0 16
0 21
0 30
0 36
0 37
0 40
0 47
0 48
0 53
0 56
0 57
0 59
0 63
0 67
0 88
0 90
0 95
0 97
0 100
0 101
0 109
0 110
0 113
0 115
0 116
0 119
0 121
0 123
0 124
0 127
0 128
0 129
0 131
0 133
0 142
0 145
0 147
0 148
0 153
0 157
0 158
0 163
0 165
0 166
0 171
0 172
0 174
0 175
0 176
0 179
0 180
0 182
0 185
0 188
0 190
0 195
0 197
1 8
1 10
1 15
1 16
1 21
1 24
1 26
1 27
1 30
1 31
1 32
1 35
1 47
1 52
1 53
1 57
1 61
1 62
1 63
1 64
1 68
1 72
1 73
1 75
1 86
1 87
1 88
1 91
1 97
1 103
1 105
1 111
1 115
1 118
1 135
1 138
1 139
1 140
1 145
1 148
1 149
1 150
1 152
1 155
1 156
1 158
1 162
1 165
1 166
1 172
1 173
1 174
1 176
1 179
1 187
1 196
1 197
2 7
2 11
2 14
2 17
2 20
2 22
2 23
2 26
2 27
2 36
2 37
2 38
2 44
2 49
2 51
2 53
2 56
2 61
2 65
2 68
2 69
2 73
2 76
2 77
2 78
2 82
2 83
2 87
2 90
2 92
2 94
2 98
2 100
2 101
2 110
2 113
2 117
2 118
2 122
2 124
2 130
2 140
2 142
2 143
2 146
2 149
2 156
2 157
2 159
2 161
2 162
2 163
2 164
2 165
2 172
2 178
2 181
2 182
2 187
2 192
2 199
3 4
3 10
3 12
3 16
3 17
3 23
3 27
3 30
3 32
3 38
3 40
3 42
3 43
3 44
3 45
3 46
3 51
3 72
3 75
3 83
3 89
3 90
3 91
3 94
3 99
3 103
3 104
3 105
3 110
3 117
3 118
3 120
3 122
3 124
3 126
3 127
3 130
3 132
3 136
3 142
3 144
3 145
3 149
3 153
3 159
3 162
3 163
3 166
3 169
3 173
3 174
3 180
3 187
3 190
3 196
3 197
4 5
4 7
4 8
4 13
4 15
4 17
4 20
4 21
4 24
4 32
4 35
4 40
4 42
4 43
4 45
4 52
4 56
4 57
4 65
4 69
4 71
4 76
4 77
4 80
4 85
4 87
4 88
4 90
4 94
4 95
4 96
4 98
4 99
4 100
4 101
4 104
4 105
4 107
4 120
4 124
4 126
4 127
4 131
4 137
4 140
4 143
4 148
4 150
4 153
4 154
4 157
4 159
4 160
4 167
4 174
4 177
4 179
4 180
4 181
4 186
4 191
4 192
4 195
4 196
4 199
5 7
5 10
5 15
5 19
5 29
5 35
5 37
5 39
5 40
5 45
5 52
5 55
5 56
5 60
5 61
5 62
5 67
5 69
5 70
5 77
5 81
5 82
5 89
5 91
5 95
5 96
5 105
5 110
5 117
5 123
5 124
5 127
5 128
5 134
5 137
5 138
5 140
5 145
5 147
5 151
5 161
5 164
5 167
5 169
5 171
5 172
5 173
5 178
5 179
5 183
5 184
5 190
5 191
5 192
5 193
5 195
6 7
6 8
6 18
6 19
6 23
6 27
6 29
6 31
6 40
6 44
6 54
6 64
6 66
6 69
6 70
6 72
6 73
6 75
6 84
6 85
6 90
6 95
6 101
6 104
6 107
6 109
6 111
6 113
6 118
6 123
6 132
6 134
6 138
6 141
6 143
6 144
6 158
6 163
6 170
6 175
6 177
6 182
6 187
6 189
6 190
6 194
6 195
7 10
7 13
7 15
7 16
7 21
7 26
7 50
7 51
7 57
7 59
7 63
7 72
7 74
7 76
7 77
7 78
7 81
7 84
7 85
7 90
7 97
7 114
7 116
7 120
7 132
7 134
7 138
7 146
7 147
7 148
7 149
7 151
7 153
7 154
7 156
7 162
7 168
7 169
7 171
7 173
7 182
7 185
7 186
7 195
7 196
8 11
8 12
8 14
8 15
8 17
8 19
8 22
8 24
8 25
8 33
8 34
8 40
8 45
8 46
8 48
8 50
8 57
8 60
8 65
8 72
8 77
8 78
8 80
8 81
8 82
8 83
8 93
8 99
8 100
8 104
8 106
8 107
8 109
8 114
8 115
8 119
8 120
8 125
8 126
8 127
8 129
8 131
8 136
8 137
8 138
8 144
8 146
8 151
8 153
8 154
8 155
8 157
8 159
8 160
8 164
8 171
8 173
8 175
8 177
8 178
8 183
8 194
9 15
9 17
9 18
9 22
9 30
9 34
9 36
9 41
9 43
9 44
9 53
9 55
9 58
9 61
9 67
9 68
9 70
9 72
9 74
9 78
9 79
9 84
9 92
9 93
9 98
9 111
9 115
9 119
9 121
9 126
9 128
9 134
9 135
9 136
9 137
9 142
9 145
9 146
9 148
9 149
9 153
9 155
9 157
9 158
9 159
9 160
9 161
9 165
9 166
9 180
9 181
9 186
9 189
9 190
9 192
9 193
9 194
9 197
9 199
10 19
10 20
10 24
10 32
10 33
10 34
10 37
10 40
10 41
10 42
10 44
10 45
10 46
10 48
10 49
10 51
10 56
10 59
10 67
10 71
10 76
10 78
10 83
10 84
10 92
10 93
10 97
10 98
10 102
10 104
10 115
10 119
10 126
10 134
10 136
10 140
10 142
10 143
10 150
10 154
10 156
10 158
10 159
10 160
10 161
10 165
10 171
10 173
10 189
10 191
10 194
10 195
10 197
10 198
11 14
11 15
11 16
11 17
11 21
11 27
11 29
11 30
11 31
11 35
11 36
11 38
11 49
11 50
11 53
11 54
11 58
11 60
11 61
11 62
11 70
11 71
11 75
11 77
11 78
11 84
11 91
11 97
11 106
11 112
11 121
11 123
11 124
11 129
11 135
11 138
11 143
11 144
11 145
11 149
11 151
11 153
11 154
11 155
11 158
11 165
11 167
11 168
11 174
11 181
11 185
11 186
11 191
11 193
11 195
11 196
11 198
12 13
12 15
12 20
12 21
12 30
12 34
12 35
12 40
12 41
12 50
12 52
12 59
12 61
12 62
12 65
12 68
12 69
12 72
12 73
12 88
12 90
12 93
12 95
12 97
12 98
12 101
12 104
12 105
12 109
12 110
12 112
12 116
12 118
12 119
12 121
12 124
12 127
12 128
12 133
12 134
12 135
12 145
12 146
12 150
12 152
12 154
12 156
12 160
12 172
12 173
12 179
12 183
12 192
12 193
12 195
12 196
12 197
12 198
12 199
13 14
13 17
13 21
13 22
13 24
13 27
13 30
13 35
13 36
13 43
13 44
13 48
13 53
13 56
13 58
13 66
13 68
13 74
13 82
13 83
13 84
13 87
13 94
13 97
13 100
13 101
13 105
13 108
13 110
13 111
13 114
13 115
13 117
13 118
13 119
13 122
13 124
13 125
13 126
13 128
13 132
13 134
13 135
13 141
13 142
13 147
13 153
13 158
13 160
13 167
13 169
13 170
13 171
13 173
13 174
13 175
13 176
13 178
13 183
13 184
13 186
13 187
13 189
13 194
13 195
13 197
14 15
14 19
14 26
14 30
14 33
14 37
14 38
14 39
14 48
14 54
14 57
14 58
14 61
14 63
14 66
14 70
14 71
14 75
14 77
14 85
14 86
14 88
14 89
14 91
14 92
14 93
14 95
14 100
14 103
14 108
14 112
14 115
14 116
14 119
14 120
14 122
14 125
14 126
14 129
14 134
14 150
14 152
14 154
14 158
14 171
14 177
14 179
14 182
14 187
14 188
14 191
14 194
14 196
14 197
14 199
15 19
15 20
15 21
15 23
15 24
15 26
15 33
15 34
15 37
15 42
15 43
15 46
15 50
15 54
15 56
15 57
15 59
15 61
15 65
15 70
15 76
15 81
15 82
15 83
15 93
15 111
15 113
15 116
15 117
15 119
15 121
15 125
15 130
15 135
15 140
15 141
15 143
15 149
15 153
15 156
15 157
15 159
15 160
15 161
15 162
15 164
15 168
15 170
15 176
15 178
15 184
15 186
15 190
15 191
15 195
15 196
15 197
15 198
16 20
16 27
16 31
16 34
16 37
16 39
16 52
16 59
16 60
16 62
16 63
16 64
16 68
16 69
16 70
16 71
16 74
16 75
16 77
16 80
16 81
16 84
16 85
16 86
16 89
16 90
16 91
16 93
16 95
16 100
16 101
16 111
16 116
16 118
16 121
16 123
16 133
16 134
16 135
16 141
16 142
16 146
16 149
16 152
16 153
16 157
16 161
16 163
16 164
16 167
16 170
16 176
16 177
16 179
16 180
16 181
16 182
16 191
16 194
16 196
16 199
17 21
17 26
17 29
17 30
17 32
17 33
17 34
17 41
17 42
17 47
17 53
17 59
17 63
17 64
17 70
17 72
17 77
17 78
17 81
17 82
17 85
17 86
17 88
17 89
17 91
17 92
17 94
17 103
17 108
17 111
17 113
17 118
17 120
17 126
17 129
17 131
17 133
17 135
17 141
17 142
17 150
17 152
17 153
17 154
17 155
17 156
17 163
17 165
17 167
17 182
17 191
17 193
17 195
17 197
17 198
18 21
18 23
18 25
18 28
18 29
18 30
18 32
18 33
18 38
18 42
18 43
18 44
18 47
18 53
18 61
18 62
18 63
18 68
18 73
18 75
18 81
18 82
18 84
18 86
18 87
18 88
18 90
18 92
18 93
18 94
18 95
18 97
18 98
18 99
18 100
18 102
18 107
18 108
18 115
18 118
18 123
18 124
18 127
18 133
18 134
18 135
18 136
18 141
18 145
18 146
18 154
18 158
18 159
18 164
18 169
18 177
18 179
18 181
18 183
18 185
18 187
18 194
18 195
18 197
19 20
19 22
19 30
19 32
19 35
19 37
19 42
19 47
19 48
19 55
19 56
19 57
19 58
19 65
19 66
19 67
19 68
19 72
19 73
19 74
19 80
19 83
19 84
19 86
19 87
19 88
19 89
19 91
19 93
19 97
19 98
19 104
19 107
19 116
19 119
19 129
19 131
19 132
19 133
19 140
19 143
19 144
19 145
19 153
19 154
19 155
19 156
19 160
19 163
19 174
19 176
19 178
19 179
19 180
19 184
19 187
19 188
19 189
19 191
19 192
19 195
19 199
20 22
20 29
20 44
20 47
20 49
20 54
20 56
20 57
20 58
20 64
20 65
20 75
20 76
20 78
20 82
20 84
20 85
20 94
20 97
20 99
20 102
20 103
20 104
20 110
20 113
20 118
20 119
20 120
20 129
20 131
20 136
20 137
20 139
20 143
20 146
20 147
20 151
20 153
20 157
20 161
20 162
20 163
20 169
20 172
20 173
20 185
20 191
20 192
20 194
20 196
20 199
21 23
21 26
21 27
21 28
21 30
21 33
21 39
21 40
21 41
21 42
21 47
21 53
21 57
21 61
21 62
21 63
21 64
21 67
21 75
21 77
21 78
21 80
21 86
21 89
21 90
21 91
21 92
21 94
21 98
21 101
21 104
21 105
21 110
21 112
21 113
21 117
21 121
21 124
21 126
21 127
21 130
21 132
21 141
21 142
21 144
21 145
21 149
21 151
21 155
21 175
21 178
21 179
21 186
21 188
21 192
21 194
21 195
21 197
22 25
22 32
22 35
22 42
22 43
22 45
22 48
22 49
22 51
22 57
22 58
22 76
22 83
22 94
22 98
22 105
22 113
22 117
22 129
22 131
22 136
22 137
22 140
22 149
22 154
22 162
22 165
22 167
22 170
22 176
22 177
22 182
22 183
22 187
22 194
22 195
22 196
22 197
22 198
23 26
23 29
23 32
23 33
23 36
23 38
23 39
23 42
23 49
23 51
23 56
23 67
23 74
23 76
23 82
23 85
23 86
23 87
23 88
23 91
23 92
23 95
23 96
23 97
23 99
23 105
23 107
23 109
23 110
23 119
23 121
23 122
23 123
23 124
23 131
23 132
23 134
23 137
23 140
23 142
23 144
23 150
23 151
23 153
23 156
23 158
23 171
23 175
23 178
23 182
23 191
23 192
24 25
24 27
24 30
24 35
24 36
24 42
24 44
24 45
24 54
24 55
24 64
24 74
24 80
24 83
24 93
24 98
24 99
24 101
24 103
24 105
24 110
24 112
24 121
24 126
24 127
24 128
24 129
24 130
24 133
24 138
24 139
24 141
24 145
24 148
24 151
24 152
24 154
24 157
24 158
24 162
24 164
24 166
24 172
24 173
24 175
24 177
24 182
24 187
24 188
24 190
24 197
24 199
25 28
25 35
25 36
25 39
25 44
25 50
25 54
25 56
25 61
25 62
25 69
25 70
25 72
25 73
25 77
25 80
25 81
25 83
25 85
25 92
25 95
25 100
25 106
25 108
25 113
25 114
25 118
25 125
25 133
25 140
25 143
25 157
25 161
25 162
25 165
25 166
25 167
25 171
25 175
25 179
25 180
25 187
25 188
25 189
25 199
26 31
26 32
26 34
26 37
26 39
26 41
26 43
26 48
26 56
26 58
26 59
26 62
26 63
26 65
26 78
26 91
26 94
26 95
26 101
26 104
26 106
26 109
26 116
26 117
26 119
26 121
26 122
26 124
26 128
26 130
26 135
26 140
26 142
26 151
26 155
26 157
26 160
26 165
26 166
26 170
26 172
26 174
26 176
26 181
26 185
26 186
26 188
26 192
26 194
26 199
27 28
27 29
27 30
27 31
27 36
27 37
27 43
27 46
27 49
27 57
27 59
27 60
27 61
27 62
27 76
27 77
27 82
27 87
27 90
27 100
27 103
27 105
27 107
27 110
27 112
27 113
27 114
27 117
27 122
27 123
27 128
27 129
27 132
27 134
27 136
27 138
27 139
27 141
27 144
27 147
27 150
27 167
27 168
27 169
27 174
27 175
27 178
27 182
27 184
27 187
27 189
27 190
27 192
28 32
28 33
28 35
28 36
28 37
28 40
28 41
28 42
28 43
28 49
28 54
28 58
28 65
28 67
28 69
28 70
28 75
28 77
28 81
28 84
28 89
28 95
28 100
28 101
28 102
28 106
28 107
28 110
28 113
28 115
28 124
28 126
28 129
28 131
28 132
28 135
28 139
28 141
28 143
28 145
28 152
28 156
28 159
28 161
28 163
28 170
28 171
28 178
28 181
28 182
28 184
28 186
28 189
28 190
28 195
28 198
29 31
29 36
29 41
29 42
29 46
29 49
29 55
29 62
29 63
29 73
29 76
29 81
29 87
29 91
29 97
29 98
29 103
29 104
29 107
29 111
29 114
29 115
29 116
29 118
29 119
29 121
29 122
29 125
29 126
29 129
29 131
29 133
29 137
29 139
29 140
29 142
29 144
29 145
29 146
29 148
29 150
29 151
29 156
29 157
29 160
29 161
29 164
29 165
29 166
29 175
29 180
29 184
29 186
29 189
29 192
29 193
29 195
29 196
29 197
29 199
30 32
30 33
30 40
30 42
30 44
30 50
30 53
30 54
30 60
30 61
30 68
30 75
30 79
30 82
30 84
30 92
30 95
30 98
30 102
30 104
30 106
30 113
30 117
30 118
30 124
30 125
30 128
30 132
30 136
30 137
30 146
30 148
30 149
30 153
30 159
30 163
30 168
30 170
30 172
30 179
30 182
30 183
30 187
30 188
30 190
30 195
30 197
30 199
31 33
31 37
31 44
31 47
31 48
31 50
31 53
31 59
31 62
31 65
31 67
31 68
31 79
31 80
31 81
31 85
31 87
31 92
31 100
31 102
31 105
31 106
31 116
31 121
31 128
31 133
31 135
31 138
31 142
31 143
31 147
31 148
31 153
31 156
31 157
31 160
31 161
31 162
31 163
31 167
31 170
31 177
31 179
31 181
31 182
31 184
31 189
31 191
31 192
31 198
32 33
32 34
32 35
32 43
32 44
32 46
32 49
32 50
32 51
32 56
32 59
32 66
32 68
32 70
32 74
32 76
32 78
32 84
32 88
32 94
32 96
32 98
32 99
32 103
32 104
32 105
32 106
32 107
32 110
32 111
32 113
32 120
32 123
32 131
32 138
32 140
32 145
32 148
32 151
32 158
32 166
32 168
32 170
32 173
32 176
32 186
32 189
32 191
32 192
32 193
32 195
33 44
33 50
33 55
33 56
33 60
33 66
33 68
33 69
33 70
33 75
33 83
33 87
33 90
33 97
33 99
33 100
33 101
33 107
33 108
33 120
33 122
33 124
33 125
33 126
33 131
33 137
33 140
33 141
33 144
33 150
33 153
33 154
33 157
33 165
33 166
33 168
33 169
33 171
33 175
33 180
33 182
33 189
34 40
34 44
34 47
34 52
34 54
34 58
34 65
34 70
34 71
34 76
34 77
34 89
34 96
34 98
34 101
34 103
34 104
34 110
34 111
34 113
34 116
34 117
34 118
34 120
34 131
34 137
34 143
34 144
34 146
34 148
34 149
34 150
34 155
34 165
34 169
34 172
34 174
34 176
34 180
34 185
34 188
34 189
34 192
34 197
35 36
35 42
35 46
35 50
35 52
35 53
35 54
35 55
35 60
35 62
35 65
35 68
35 70
35 72
35 73
35 74
35 80
35 82
35 86
35 90
35 96
35 99
35 100
35 102
35 111
35 114
35 122
35 123
35 124
35 132
35 138
35 141
35 143
35 155
35 158
35 159
35 164
35 165
35 167
35 169
35 174
35 179
35 181
35 182
35 183
35 185
35 189
35 196
35 199
36 38
36 46
36 48
36 51
36 54
36 56
36 57
36 59
36 62
36 64
36 65
36 66
36 69
36 75
36 77
36 79
36 81
36 84
36 86
36 90
36 97
36 104
36 108
36 109
36 119
36 122
36 130
36 131
36 133
36 134
36 135
36 138
36 148
36 149
36 150
36 156
36 157
36 161
36 163
36 167
36 170
36 175
36 176
36 180
36 184
36 190
36 191
36 192
36 196
36 198
36 199
37 39
37 40
37 41
37 51
37 58
37 69
37 72
37 77
37 78
37 79
37 80
37 89
37 90
37 91
37 101
37 102
37 106
37 109
37 115
37 118
37 119
37 122
37 123
37 125
37 129
37 132
37 133
37 135
37 136
37 138
37 139
37 146
37 151
37 152
37 163
37 165
37 177
37 183
37 187
37 190
37 194
37 195
37 198
38 51
38 53
38 56
38 59
38 61
38 64
38 69
38 72
38 75
38 80
38 87
38 89
38 92
38 101
38 108
38 110
38 111
38 112
38 113
38 114
38 119
38 123
38 125
38 132
38 133
38 134
38 135
38 141
38 146
38 147
38 149
38 151
38 154
38 155
38 156
38 159
38 160
38 161
38 164
38 165
38 169
38 173
38 176
38 191
38 193
38 197
39 42
39 49
39 50
39 60
39 67
39 68
39 71
39 72
39 79
39 80
39 81
39 82
39 83
39 90
39 92
39 99
39 102
39 104
39 106
39 107
39 110
39 111
39 112
39 113
39 115
39 116
39 127
39 129
39 130
39 133
39 136
39 140
39 141
39 142
39 143
39 146
39 147
39 154
39 160
39 161
39 164
39 165
39 171
39 173
39 175
39 176
39 178
39 179
39 181
39 184
39 185
39 189
39 191
39 193
39 194
40 45
40 46
40 48
40 49
40 51
40 54
40 56
40 57
40 64
40 66
40 69
40 70
40 71
40 72
40 73
40 79
40 82
40 85
40 89
40 91
40 95
40 97
40 100
40 101
40 103
40 105
40 108
40 110
40 112
40 113
40 117
40 119
40 120
40 124
40 132
40 140
40 142
40 143
40 146
40 152
40 160
40 163
40 166
40 170
40 175
40 176
40 177
40 184
40 187
40 188
40 192
40 193
40 194
40 199
41 43
41 44
41 45
41 46
41 47
41 48
41 49
41 52
41 53
41 58
41 65
41 66
41 67
41 69
41 72
41 73
41 74
41 76
41 78
41 82
41 88
41 90
41 91
41 94
41 96
41 97
41 101
41 103
41 106
41 111
41 112
41 113
41 115
41 118
41 120
41 125
41 126
41 136
41 138
41 141
41 147
41 149
41 153
41 157
41 163
41 165
41 167
41 170
41 176
41 178
41 181
41 186
41 187
41 191
41 194
41 196
41 199
42 46
42 50
42 53
42 58
42 59
42 60
42 61
42 62
42 65
42 72
42 85
42 90
42 91
42 95
42 107
42 112
42 113
42 116
42 119
42 121
42 123
42 126
42 136
42 138
42 141
42 146
42 148
42 152
42 153
42 154
42 167
42 171
42 172
42 173
42 174
42 179
42 187
42 199
43 44
43 49
43 53
43 59
43 60
43 61
43 62
43 70
43 73
43 74
43 77
43 78
43 84
43 89
43 94
43 96
43 103
43 112
43 113
43 114
43 118
43 119
43 120
43 124
43 128
43 129
43 132
43 133
43 137
43 140
43 153
43 155
43 165
43 169
43 178
43 180
43 181
43 188
43 189
43 193
43 194
43 197
43 199
44 49
44 52
44 53
44 57
44 61
44 63
44 64
44 72
44 75
44 81
44 83
44 87
44 89
44 95
44 96
44 99
44 101
44 102
44 103
44 108
44 109
44 110
44 115
44 118
44 119
44 120
44 121
44 123
44 128
44 135
44 139
44 141
44 142
44 147
44 149
44 150
44 152
44 158
44 161
44 162
44 167
44 168
44 171
44 178
44 182
44 183
44 192
44 196
44 197
44 198
45 48
45 53
45 61
45 66
45 70
45 71
45 78
45 83
45 85
45 86
45 87
45 88
45 90
45 101
45 103
45 104
45 105
45 106
45 107
45 113
45 115
45 116
45 117
45 121
45 124
45 125
45 130
45 137
45 138
45 144
45 145
45 146
45 147
45 151
45 154
45 155
45 158
45 161
45 163
45 166
45 167
45 171
45 172
45 174
45 182
45 189
45 193
45 195
45 196
45 197
45 198
45 199
46 49
46 50
46 55
46 60
46 64
46 71
46 73
46 74
46 77
46 78
46 80
46 81
46 89
46 90
46 91
46 92
46 97
46 98
46 101
46 102
46 103
46 106
46 107
46 108
46 110
46 111
46 113
46 114
46 119
46 123
46 133
46 135
46 145
46 147
46 153
46 157
46 160
46 162
46 165
46 182
46 183
46 186
46 195
47 49
47 51
47 52
47 69
47 72
47 73
47 75
47 77
47 78
47 79
47 81
47 86
47 91
47 92
47 93
47 95
47 96
47 97
47 98
47 100
47 108
47 114
47 118
47 119
47 126
47 127
47 131
47 132
47 135
47 136
47 140
47 141
47 146
47 147
47 154
47 155
47 156
47 162
47 172
47 178
47 191
47 192
47 193
47 195
47 197
47 199
48 49
48 53
48 55
48 60
48 62
48 67
48 69
48 76
48 79
48 82
48 94
48 98
48 106
48 109
48 113
48 120
48 121
48 123
48 125
48 132
48 133
48 134
48 138
48 139
48 140
48 149
48 152
48 158
48 159
48 161
48 162
48 166
48 173
48 175
48 179
48 180
48 182
48 194
48 195
48 197
48 199
49 52
49 53
49 54
49 57
49 59
49 68
49 69
49 79
49 83
49 91
49 94
49 95
49 101
49 104
49 111
49 115
49 117
49 118
49 129
49 134
49 139
49 142
49 146
49 147
49 149
49 152
49 154
49 157
49 160
49 165
49 176
49 179
49 180
49 182
49 187
49 192
49 195
49 196
50 52
50 57
50 60
50 70
50 79
50 81
50 82
50 85
50 88
50 95
50 96
50 104
50 105
50 106
50 108
50 111
50 112
50 114
50 117
50 121
50 122
50 125
50 128
50 130
50 137
50 138
50 150
50 151
50 154
50 155
50 161
50 162
50 166
50 170
50 179
50 181
50 185
50 187
50 190
50 195
51 53
51 55
51 56
51 59
51 67
51 69
51 71
51 72
51 77
51 78
51 84
51 97
51 99
51 103
51 105
51 107
51 110
51 113
51 114
51 115
51 116
51 117
51 118
51 121
51 123
51 125
51 126
51 128
51 130
51 132
51 134
51 135
51 138
51 139
51 141
51 142
51 144
51 145
51 148
51 153
51 157
51 158
51 162
51 165
51 170
51 172
51 177
51 189
51 191
51 199
52 55
52 69
52 70
52 74
52 76
52 80
52 82
52 84
52 85
52 94
52 96
52 99
52 100
52 101
52 104
52 107
52 111
52 114
52 116
52 133
52 135
52 136
52 139
52 141
52 144
52 146
52 147
52 149
52 154
52 155
52 158
52 159
52 163
52 166
52 168
52 170
52 171
52 172
52 173
52 174
52 175
52 181
52 188
52 192
52 195
52 199
53 54
53 60
53 75
53 78
53 81
53 84
53 87
53 88
53 97
53 101
53 104
53 110
53 111
53 113
53 115
53 122
53 124
53 125
53 127
53 137
53 145
53 158
53 159
53 160
53 170
53 171
53 173
53 176
53 182
53 183
53 187
53 188
53 191
53 196
53 198
53 199
54 56
54 58
54 60
54 62
54 65
54 71
54 78
54 80
54 84
54 85
54 87
54 88
54 96
54 100
54 102
54 103
54 105
54 106
54 108
54 110
54 111
54 114
54 117
54 118
54 121
54 123
54 124
54 126
54 128
54 130
54 141
54 145
54 148
54 150
54 152
54 155
54 158
54 159
54 162
54 165
54 168
54 172
54 173
54 174
54 180
54 182
54 187
54 188
54 189
54 191
54 192
54 193
54 195
54 198
55 60
55 67
55 74
55 75
55 77
55 79
55 81
55 82
55 83
55 87
55 88
55 91
55 95
55 97
55 98
55 100
55 111
55 117
55 123
55 125
55 128
55 129
55 136
55 137
55 141
55 142
55 144
55 152
55 157
55 159
55 160
55 161
55 164
55 165
55 170
55 179
55 184
55 187
55 188
55 196
56 58
56 71
56 77
56 85
56 86
56 88
56 99
56 103
56 104
56 106
56 113
56 114
56 119
56 120
56 121
56 123
56 129
56 135
56 136
56 137
56 140
56 142
56 143
56 144
56 145
56 148
56 152
56 155
56 160
56 163
56 166
56 167
56 169
56 170
56 172
56 174
56 177
56 179
56 181
56 182
56 183
56 185
56 187
56 191
57 58
57 66
57 67
57 69
57 70
57 73
57 74
57 75
57 81
57 87
57 90
57 92
57 93
57 101
57 104
57 111
57 112
57 113
57 118
57 119
57 124
57 125
57 130
57 135
57 137
57 139
57 141
57 143
57 145
57 146
57 155
57 157
57 159
57 171
57 172
57 173
57 174
57 175
57 178
57 179
57 184
57 186
57 187
57 190
57 191
57 192
57 193
57 197
57 198
57 199
58 60
58 61
58 63
58 64
58 65
58 66
58 67
58 68
58 72
58 73
58 84
58 86
58 89
58 92
58 103
58 110
58 111
58 112
58 119
58 124
58 128
58 131
58 134
58 137
58 138
58 142
58 144
58 145
58 146
58 151
58 155
58 156
58 157
58 158
58 160
58 161
58 165
58 169
58 170
58 180
58 182
58 183
58 191
58 192
58 194
59 63
59 65
59 66
59 67
59 70
59 76
59 84
59 90
59 93
59 99
59 101
59 103
59 109
59 114
59 119
59 122
59 123
59 125
59 133
59 135
59 143
59 144
59 147
59 149
59 152
59 154
59 170
59 171
59 172
59 181
59 186
59 193
59 194
59 195
59 196
60 66
60 67
60 68
60 74
60 77
60 78
60 80
60 84
60 85
60 88
60 91
60 93
60 95
60 104
60 108
60 113
60 115
60 122
60 130
60 133
60 134
60 136
60 139
60 140
60 141
60 144
60 151
60 153
60 156
60 158
60 159
60 161
60 162
60 163
60 164
60 168
60 170
60 171
60 173
60 175
60 177
60 186
60 189
60 191
60 192
60 198
61 62
61 65
61 66
61 67
61 70
61 72
61 74
61 84
61 86
61 91
61 93
61 95
61 101
61 104
61 105
61 107
61 112
61 123
61 124
61 129
61 136
61 137
61 144
61 146
61 150
61 161
61 167
61 172
61 174
61 175
61 176
61 177
61 178
61 179
61 184
61 188
61 191
61 192
61 196
61 197
61 198
61 199
62 67
62 69
62 75
62 76
62 79
62 80
62 83
62 86
62 87
62 89
62 93
62 95
62 98
62 101
62 102
62 108
62 109
62 110
62 115
62 118
62 119
62 121
62 122
62 125
62 126
62 127
62 129
62 133
62 135
62 136
62 137
62 138
62 142
62 143
62 151
62 152
62 153
62 155
62 162
62 165
62 167
62 177
62 179
62 180
62 184
62 188
62 192
62 193
62 196
62 198
63 65
63 71
63 76
63 80
63 81
63 82
63 88
63 89
63 91
63 103
63 110
63 111
63 112
63 118
63 122
63 123
63 124
63 125
63 126
63 133
63 135
63 141
63 142
63 145
63 147
63 150
63 151
63 159
63 163
63 164
63 167
63 169
63 170
63 171
63 172
63 173
63 174
63 175
63 177
63 178
63 181
63 182
63 183
63 184
63 187
63 188
63 190
63 191
63 193
63 196
63 197
64 65
64 73
64 77
64 80
64 83
64 93
64 95
64 99
64 102
64 111
64 113
64 115
64 126
64 128
64 139
64 141
64 144
64 147
64 150
64 157
64 162
64 166
64 167
64 168
64 169
64 175
64 176
64 177
64 182
64 188
64 189
64 191
64 192
64 195
64 198
65 67
65 68
65 79
65 81
65 83
65 86
65 87
65 89
65 100
65 101
65 103
65 104
65 106
65 107
65 109
65 113
65 116
65 118
65 123
65 126
65 127
65 133
65 134
65 135
65 137
65 138
65 140
65 148
65 149
65 154
65 155
65 156
65 158
65 159
65 160
65 161
65 162
65 164
65 166
65 171
65 173
65 177
65 181
65 183
65 185
65 188
65 197
65 198
66 69
66 75
66 76
66 78
66 79
66 81
66 84
66 95
66 96
66 97
66 101
66 102
66 104
66 107
66 111
66 112
66 119
66 122
66 126
66 135
66 136
66 137
66 148
66 149
66 150
66 151
66 161
66 172
66 177
66 178
66 179
66 186
66 191
66 193
66 195
66 196
66 197
66 198
67 68
67 69
67 75
67 79
67 83
67 87
67 94
67 100
67 103
67 104
67 106
67 109
67 116
67 117
67 122
67 127
67 129
67 133
67 136
67 137
67 141
67 144
67 152
67 163
67 165
67 171
67 173
67 176
67 177
67 184
67 186
67 192
67 193
67 195
67 196
67 198
68 70
68 73
68 74
68 79
68 81
68 82
68 85
68 92
68 94
68 96
68 114
68 117
68 119
68 125
68 130
68 132
68 136
68 147
68 157
68 164
68 166
68 167
68 168
68 171
68 174
68 176
68 188
68 190
68 192
68 194
69 70
69 72
69 78
69 85
69 90
69 93
69 95
69 100
69 101
69 104
69 113
69 117
69 118
69 122
69 124
69 125
69 127
69 128
69 129
69 130
69 132
69 134
69 135
69 136
69 139
69 141
69 142
69 145
69 147
69 151
69 152
69 154
69 160
69 170
69 173
69 174
69 181
69 182
69 183
69 184
69 190
70 72
70 80
70 81
70 82
70 87
70 89
70 95
70 102
70 105
70 107
70 108
70 112
70 113
70 116
70 117
70 118
70 121
70 122
70 123
70 133
70 136
70 140
70 152
70 159
70 161
70 162
70 167
70 171
70 177
70 184
70 185
70 192
70 194
70 197
70 199
71 72
71 74
71 77
71 78
71 80
71 83
71 84
71 89
71 90
71 93
71 94
71 97
71 98
71 106
71 111
71 114
71 124
71 125
71 126
71 127
71 131
71 132
71 133
71 134
71 135
71 136
71 137
71 138
71 140
71 144
71 145
71 148
71 149
71 156
71 160
71 168
71 169
71 174
71 175
71 176
71 179
71 182
71 184
71 186
71 192
71 197
72 76
72 78
72 81
72 82
72 85
72 86
72 90
72 94
72 98
72 101
72 104
72 108
72 112
72 114
72 118
72 123
72 126
72 130
72 132
72 133
72 135
72 138
72 139
72 141
72 145
72 152
72 153
72 155
72 156
72 157
72 161
72 163
72 167
72 169
72 170
72 176
72 178
72 179
72 180
72 189
72 192
72 193
72 194
72 198
73 75
73 80
73 82
73 83
73 88
73 89
73 91
73 92
73 94
73 96
73 97
73 102
73 107
73 109
73 110
73 111
73 114
73 119
73 120
73 125
73 126
73 133
73 140
73 143
73 148
73 149
73 153
73 156
73 158
73 169
73 173
73 174
73 180
73 182
73 183
73 184
73 194
73 195
73 199
74 85
74 86
74 88
74 89
74 93
74 94
74 96
74 97
74 98
74 99
74 107
74 109
74 113
74 116
74 118
74 119
74 122
74 128
74 129
74 132
74 136
74 138
74 142
74 145
74 146
74 155
74 160
74 166
74 169
74 170
74 178
74 185
74 187
74 188
74 189
74 192
75 77
75 80
75 81
75 85
75 86
75 93
75 95
75 101
75 109
75 111
75 117
75 121
75 126
75 137
75 140
75 143
75 150
75 151
75 153
75 162
75 163
75 165
75 171
75 175
75 177
75 182
75 187
75 188
75 189
75 190
75 192
75 195
75 197
75 198
76 78
76 82
76 83
76 85
76 86
76 89
76 95
76 104
76 106
76 112
76 113
76 119
76 130
76 134
76 136
76 137
76 138
76 140
76 143
76 155
76 156
76 158
76 159
76 160
76 161
76 162
76 172
76 178
76 184
76 191
76 193
76 194
76 197
76 199
77 82
77 84
77 91
77 92
77 96
77 97
77 98
77 102
77 103
77 109
77 112
77 113
77 121
77 123
77 125
77 131
77 134
77 135
77 136
77 143
77 155
77 159
77 163
77 168
77 175
77 178
77 179
77 180
77 182
77 185
77 186
77 187
77 189
77 191
77 192
77 197
77 199
78 80
78 88
78 90
78 91
78 98
78 100
78 101
78 103
78 109
78 111
78 122
78 124
78 127
78 128
78 129
78 130
78 135
78 145
78 148
78 150
78 152
78 155
78 157
78 158
78 162
78 164
78 169
78 172
78 173
78 180
78 182
78 183
78 189
78 194
78 197
78 198
79 84
79 85
79 86
79 97
79 111
79 112
79 118
79 122
79 123
79 124
79 125
79 126
79 129
79 130
79 133
79 137
79 141
79 142
79 143
79 144
79 145
79 147
79 150
79 153
79 154
79 155
79 158
79 159
79 163
79 167
79 169
79 175
79 179
79 187
79 194
79 195
80 83
80 84
80 91
80 92
80 95
80 99
80 104
80 112
80 117
80 118
80 121
80 122
80 125
80 129
80 133
80 138
80 141
80 144
80 145
80 152
80 157
80 158
80 160
80 169
80 170
80 172
80 173
80 176
80 182
80 187
80 190
80 194
80 196
80 197
81 83
81 86
81 88
81 89
81 95
81 96
81 99
81 105
81 109
81 110
81 113
81 115
81 117
81 124
81 129
81 131
81 132
81 135
81 138
81 144
81 146
81 147
81 149
81 154
81 165
81 168
81 171
81 172
81 176
81 178
81 180
81 182
81 186
81 187
81 192
81 198
81 199
82 85
82 87
82 88
82 91
82 93
82 95
82 101
82 102
82 104
82 109
82 110
82 111
82 112
82 120
82 127
82 128
82 132
82 137
82 139
82 148
82 151
82 152
82 156
82 158
82 160
82 161
82 165
82 167
82 168
82 174
82 182
82 195
82 198
83 89
83 90
83 96
83 114
83 117
83 119
83 121
83 125
83 127
83 130
83 131
83 137
83 142
83 146
83 148
83 151
83 153
83 155
83 156
83 158
83 167
83 170
83 172
83 173
83 178
83 180
83 190
83 194
83 199
84 90
84 91
84 94
84 96
84 98
84 102
84 110
84 113
84 118
84 119
84 124
84 129
84 130
84 131
84 132
84 133
84 136
84 139
84 144
84 146
84 148
84 151
84 169
84 172
84 175
84 177
84 179
84 181
84 183
84 184
84 185
84 192
84 194
84 196
85 88
85 89
85 91
85 94
85 95
85 97
85 99
85 110
85 113
85 116
85 133
85 135
85 138
85 139
85 140
85 143
85 144
85 147
85 148
85 151
85 152
85 153
85 156
85 168
85 169
85 185
85 186
85 191
86 89
86 90
86 91
86 94
86 97
86 99
86 109
86 111
86 112
86 116
86 117
86 119
86 121
86 132
86 133
86 134
86 135
86 136
86 140
86 143
86 146
86 147
86 148
86 150
86 158
86 160
86 161
86 162
86 165
86 171
86 172
86 174
86 176
86 178
86 182
86 183
86 185
86 186
86 188
86 189
86 196
86 197
87 90
87 92
87 93
87 99
87 101
87 105
87 108
87 109
87 112
87 115
87 117
87 128
87 133
87 134
87 135
87 139
87 140
87 148
87 150
87 151
87 155
87 156
87 162
87 163
87 165
87 170
87 173
87 175
87 179
87 189
87 194
87 195
88 89
88 96
88 101
88 103
88 104
88 108
88 111
88 116
88 122
88 123
88 136
88 143
88 145
88 149
88 150
88 154
88 159
88 164
88 167
88 168
88 171
88 172
88 174
88 175
88 178
88 182
88 183
88 184
88 187
88 189
88 193
88 194
88 195
88 196
88 198
88 199
89 94
89 98
89 101
89 107
89 110
89 116
89 117
89 133
89 140
89 141
89 144
89 145
89 158
89 164
89 165
89 167
89 169
89 171
89 172
89 173
89 178
89 183
89 185
89 189
89 196
89 198
89 199
90 93
90 95
90 96
90 98
90 103
90 105
90 111
90 115
90 117
90 126
90 128
90 130
90 133
90 137
90 138
90 140
90 155
90 159
90 160
90 167
90 173
90 174
90 175
90 179
90 185
90 188
90 189
90 190
90 191
90 192
90 195
90 198
91 92
91 96
91 101
91 102
91 103
91 106
91 107
91 110
91 113
91 117
91 120
91 121
91 124
91 126
91 128
91 129
91 138
91 141
91 143
91 150
91 151
91 153
91 154
91 161
91 165
91 166
91 167
91 169
91 172
91 176
91 177
91 182
91 184
91 186
91 188
91 193
91 194
92 93
92 97
92 100
92 101
92 106
92 109
92 110
92 111
92 118
92 121
92 123
92 125
92 128
92 133
92 135
92 137
92 143
92 144
92 147
92 148
92 150
92 152
92 158
92 160
92 163
92 173
92 181
92 187
92 189
92 197
92 198
93 109
93 110
93 111
93 112
93 113
93 116
93 117
93 125
93 133
93 138
93 146
93 148
93 151
93 152
93 153
93 155
93 160
93 162
93 171
93 177
93 179
93 180
93 186
93 187
93 190
93 191
93 192
93 196
93 197
94 95
94 103
94 104
94 106
94 111
94 117
94 121
94 122
94 125
94 128
94 133
94 134
94 135
94 136
94 138
94 140
94 142
94 145
94 146
94 149
94 153
94 157
94 162
94 163
94 167
94 169
94 170
94 171
94 174
94 176
94 185
94 189
94 195
94 199
95 97
95 100
95 104
95 107
95 117
95 120
95 134
95 138
95 140
95 141
95 144
95 146
95 149
95 154
95 155
95 157
95 158
95 160
95 164
95 166
95 167
95 170
95 172
95 173
95 177
95 181
95 184
95 189
95 191
95 198
96 97
96 99
96 103
96 106
96 113
96 115
96 116
96 119
96 123
96 133
96 135
96 143
96 147
96 149
96 151
96 154
96 163
96 166
96 167
96 168
96 171
96 177
96 187
96 190
96 192
96 193
96 199
97 100
97 102
97 106
97 110
97 111
97 112
97 113
97 115
97 119
97 121
97 127
97 129
97 133
97 135
97 137
97 138
97 141
97 143
97 144
97 145
97 156
97 158
97 162
97 163
97 171
97 172
97 181
97 188
97 195
98 102
98 106
98 107
98 114
98 119
98 121
98 123
98 125
98 131
98 141
98 143
98 146
98 148
98 160
98 162
98 171
98 173
98 174
98 177
98 178
98 182
98 184
98 190
98 192
99 102
99 108
99 114
99 115
99 119
99 124
99 131
99 134
99 137
99 140
99 144
99 147
99 148
99 149
99 150
99 156
99 157
99 158
99 161
99 162
99 163
99 166
99 167
99 174
99 176
99 182
99 183
99 186
99 187
99 189
99 190
99 191
99 194
100 110
100 125
100 126
100 129
100 131
100 133
100 134
100 140
100 142
100 145
100 146
100 148
100 149
100 154
100 156
100 160
100 164
100 165
100 169
100 171
100 178
100 179
100 189
100 192
100 194
100 195
100 197
101 104
101 108
101 109
101 121
101 125
101 138
101 145
101 146
101 151
101 152
101 153
101 156
101 168
101 173
101 174
101 177
101 181
101 183
101 187
101 193
102 103
102 104
102 107
102 110
102 112
102 117
102 119
102 120
102 122
102 123
102 124
102 127
102 132
102 133
102 156
102 160
102 161
102 166
102 167
102 173
102 184
102 186
102 190
102 191
102 194
103 105
103 108
103 111
103 126
103 127
103 129
103 133
103 134
103 147
103 150
103 153
103 156
103 157
103 158
103 159
103 161
103 167
103 168
103 180
103 181
103 185
103 189
103 190
103 195
103 196
103 197
103 198
104 108
104 112
104 113
104 114
104 115
104 116
104 129
104 133
104 134
104 137
104 139
104 141
104 144
104 147
104 152
104 154
104 161
104 162
104 171
104 174
104 179
104 180
104 183
104 190
104 193
104 197
104 198
105 107
105 109
105 113
105 117
105 124
105 126
105 128
105 129
105 130
105 134
105 136
105 137
105 144
105 147
105 149
105 152
105 156
105 161
105 162
105 167
105 169
105 171
105 176
105 180
105 182
105 185
105 186
105 188
105 194
105 195
105 199
106 113
106 118
106 124
106 125
106 126
106 127
106 129
106 139
106 142
106 143
106 146
106 148
106 164
106 168
106 172
106 179
106 182
106 183
106 184
106 185
106 191
106 192
106 195
106 196
106 197
107 110
107 111
107 120
107 123
107 124
107 128
107 131
107 132
107 137
107 139
107 144
107 148
107 154
107 158
107 163
107 166
107 168
107 169
107 177
107 178
107 186
107 188
107 189
107 197
108 111
108 112
108 114
108 120
108 122
108 124
108 128
108 131
108 134
108 135
108 139
108 141
108 142
108 144
108 145
108 147
108 153
108 154
108 155
108 157
108 164
108 170
108 177
108 179
108 183
108 195
109 110
109 111
109 113
109 115
109 117
109 119
109 120
109 124
109 129
109 131
109 136
109 137
109 138
109 139
109 141
109 142
109 146
109 147
109 149
109 150
109 153
109 154
109 164
109 166
109 169
109 171
109 174
109 180
109 181
109 183
109 184
109 186
109 187
109 188
109 190
109 193
109 197
109 198
110 114
110 118
110 125
110 127
110 128
110 133
110 137
110 139
110 143
110 146
110 147
110 148
110 149
110 151
110 152
110 157
110 158
110 159
110 163
110 166
110 167
110 169
110 170
110 181
110 183
110 184
110 189
110 191
110 197
111 113
111 124
111 128
111 129
111 130
111 131
111 135
111 137
111 140
111 143
111 145
111 147
111 148
111 151
111 154
111 164
111 168
111 170
111 183
111 191
111 193
111 195
111 198
112 116
112 119
112 124
112 131
112 137
112 139
112 140
112 141
112 155
112 162
112 164
112 172
112 187
112 192
112 194
112 196
113 114
113 119
113 123
113 128
113 129
113 131
113 135
113 137
113 146
113 156
113 159
113 160
113 175
113 180
113 181
113 185
113 190
113 192
113 195
114 115
114 116
114 118
114 122
114 123
114 124
114 125
114 126
114 131
114 139
114 141
114 143
114 144
114 145
114 148
114 152
114 153
114 154
114 155
114 162
114 163
114 164
114 166
114 169
114 171
114 177
114 179
114 188
115 119
115 121
115 123
115 124
115 128
115 131
115 134
115 141
115 142
115 147
115 148
115 151
115 153
115 159
115 166
115 167
115 170
115 179
115 180
115 182
115 188
115 189
115 199
116 118
116 119
116 120
116 121
116 126
116 134
116 137
116 139
116 140
116 144
116 146
116 149
116 153
116 154
116 155
116 156
116 158
116 164
116 167
116 170
116 173
116 174
116 175
116 185
116 186
116 187
116 188
116 189
116 191
116 193
117 119
117 129
117 130
117 131
117 134
117 136
117 139
117 142
117 149
117 151
117 153
117 154
117 155
117 158
117 160
117 161
117 169
117 172
117 174
117 175
117 177
117 178
117 181
117 184
117 185
117 189
118 122
118 124
118 133
118 134
118 138
118 142
118 144
118 149
118 152
118 158
118 159
118 164
118 171
118 174
118 176
118 179
118 183
118 187
118 191
118 197
118 198
119 120
119 127
119 132
119 134
119 136
119 139
119 142
119 145
119 146
119 151
119 153
119 157
119 160
119 164
119 167
119 171
119 173
119 181
119 191
119 192
119 194
119 195
119 197
120 121
120 125
120 128
120 129
120 132
120 141
120 144
120 146
120 149
120 151
120 154
120 157
120 161
120 163
120 165
120 166
120 168
120 169
120 171
120 176
120 179
120 180
120 181
120 183
120 185
120 186
120 190
120 196
120 198
120 199
121 123
121 125
121 130
121 132
121 136
121 137
121 139
121 142
121 145
121 150
121 153
121 156
121 157
121 158
121 165
121 170
121 173
121 175
121 179
121 184
121 190
121 192
121 197
121 198
121 199
122 123
122 124
122 129
122 132
122 137
122 138
122 139
122 143
122 146
122 149
122 157
122 160
122 164
122 165
122 166
122 168
122 176
122 178
122 183
122 189
122 191
122 193
122 198
123 124
123 128
123 130
123 136
123 137
123 141
123 143
123 145
123 146
123 157
123 166
123 167
123 169
123 173
123 174
123 177
123 180
123 184
123 187
123 189
123 190
123 191
123 192
123 197
124 128
124 131
124 132
124 135
124 138
124 141
124 151
124 154
124 159
124 160
124 161
124 162
124 165
124 168
124 169
124 173
124 174
124 191
124 194
124 195
124 196
125 126
125 127
125 130
125 133
125 138
125 143
125 150
125 151
125 152
125 153
125 154
125 160
125 162
125 163
125 164
125 168
125 169
125 172
125 175
125 176
125 181
125 182
125 187
125 188
125 192
125 193
125 195
125 197
125 198
126 131
126 136
126 137
126 138
126 142
126 149
126 151
126 156
126 164
126 166
126 168
126 170
126 183
126 184
126 191
126 199
127 133
127 134
127 135
127 137
127 139
127 140
127 147
127 149
127 150
127 151
127 155
127 156
127 161
127 162
127 179
127 185
127 192
127 194
127 195
127 198
128 135
128 136
128 142
128 143
128 145
128 146
128 151
128 156
128 157
128 161
128 162
128 163
128 164
128 169
128 173
128 180
128 184
128 187
128 188
128 189
128 197
129 130
129 137
129 138
129 140
129 145
129 148
129 151
129 152
129 153
129 154
129 155
129 156
129 163
129 166
129 167
129 169
129 172
129 173
129 174
129 177
129 178
129 180
129 184
129 185
129 189
129 193
130 134
130 136
130 139
130 140
130 144
130 146
130 149
130 152
130 153
130 160
130 164
130 168
130 169
130 173
130 175
130 179
130 182
130 188
130 192
130 194
130 195
130 196
130 197
130 198
131 136
131 138
131 149
131 150
131 152
131 154
131 157
131 158
131 159
131 164
131 165
131 166
131 169
131 170
131 171
131 172
131 173
131 174
131 176
131 183
131 186
131 187
131 191
131 195
131 196
131 199
132 133
132 139
132 143
132 149
132 152
132 153
132 154
132 156
132 157
132 158
132 160
132 165
132 167
132 171
132 172
132 174
132 175
132 180
132 181
132 182
132 183
132 186
132 190
132 199
133 135
133 138
133 141
133 147
133 149
133 151
133 156
133 162
133 166
133 168
133 175
133 176
133 180
133 181
133 183
133 186
133 188
133 190
133 192
133 196
133 197
133 198
134 136
134 138
134 147
134 148
134 155
134 164
134 166
134 168
134 181
134 183
134 185
134 191
134 192
134 195
134 198
135 136
135 138
135 139
135 140
135 154
135 155
135 163
135 166
135 169
135 171
135 172
135 179
135 181
135 182
135 185
135 189
135 193
135 194
135 195
135 196
136 140
136 144
136 145
136 149
136 152
136 154
136 155
136 156
136 157
136 158
136 159
136 160
136 161
136 163
136 165
136 170
136 171
136 175
136 182
136 184
136 187
136 189
136 190
136 191
136 192
136 193
136 195
136 197
137 138
137 139
137 142
137 146
137 147
137 153
137 154
137 155
137 160
137 161
137 162
137 166
137 170
137 171
137 172
137 176
137 178
137 183
137 190
137 191
137 196
137 198
138 139
138 140
138 142
138 151
138 152
138 159
138 175
138 181
138 183
138 184
138 189
138 193
139 140
139 141
139 146
139 148
139 149
139 153
139 154
139 155
139 159
139 167
139 170
139 174
139 175
139 178
139 179
139 185
139 190
139 192
139 199
140 146
140 149
140 150
140 162
140 168
140 170
140 172
140 181
140 187
140 189
140 193
140 194
140 195
141 155
141 157
141 160
141 163
141 170
141 172
141 173
141 174
141 178
141 185
141 187
141 191
142 143
142 151
142 160
142 165
142 168
142 174
142 181
142 182
142 184
142 188
142 189
142 194
142 195
142 196
142 197
143 144
143 147
143 149
143 150
143 153
143 156
143 164
143 170
143 172
143 174
143 178
143 179
143 182
143 184
143 197
143 198
144 147
144 148
144 151
144 155
144 157
144 175
144 179
144 184
144 187
144 189
144 192
144 193
144 194
144 196
145 157
145 158
145 161
145 162
145 163
145 164
145 167
145 169
145 170
145 173
145 174
145 176
145 177
145 179
145 180
145 181
145 189
145 190
145 191
145 192
145 197
145 199
146 149
146 150
146 153
146 156
146 158
146 161
146 166
146 167
146 173
146 176
146 179
146 187
146 189
146 192
146 198
147 149
147 150
147 154
147 155
147 159
147 160
147 163
147 165
147 167
147 174
147 183
147 194
147 198
148 153
148 154
148 157
148 161
148 163
148 165
148 168
148 169
148 172
148 174
148 178
148 181
148 183
148 188
148 193
148 196
148 198
149 156
149 159
149 165
149 168
149 177
149 180
149 182
149 191
149 194
149 196
149 198
150 151
150 153
150 155
150 157
150 158
150 159
150 160
150 161
150 162
150 165
150 166
150 168
150 171
150 181
150 183
150 188
150 189
150 192
150 193
150 194
150 198
151 163
151 165
151 171
151 172
151 176
151 181
151 184
151 191
151 195
151 197
152 155
152 157
152 161
152 164
152 167
152 169
152 174
152 180
152 181
152 185
152 186
152 187
152 188
152 190
152 193
152 199
153 159
153 160
153 163
153 167
153 170
153 180
153 184
153 185
153 186
153 187
154 157
154 158
154 159
154 161
154 163
154 168
154 172
154 173
154 178
154 180
154 181
154 182
154 184
154 185
154 189
154 196
154 199
155 156
155 157
155 161
155 162
155 166
155 167
155 168
155 170
155 176
155 182
155 184
155 186
155 188
155 191
155 193
155 194
155 196
155 198
156 158
156 160
156 163
156 168
156 174
156 176
156 177
156 181
156 185
156 187
156 191
156 196
156 197
156 199
157 163
157 167
157 169
157 170
157 171
157 173
157 175
157 176
157 183
157 184
157 185
157 186
157 187
157 192
157 194
157 196
158 160
158 163
158 166
158 167
158 168
158 171
158 173
158 175
158 178
158 180
158 186
158 188
158 194
158 195
158 197
158 198
159 165
159 168
159 169
159 172
159 181
159 184
159 194
160 163
160 167
160 168
160 169
160 170
160 171
160 175
160 176
160 177
160 178
160 179
160 181
160 183
160 196
160 197
161 163
161 168
161 173
161 175
161 177
161 178
161 184
161 191
161 192
161 193
161 196
162 163
162 164
162 165
162 168
162 171
162 172
162 181
162 182
162 183
162 185
162 186
162 188
162 189
162 192
162 199
163 165
163 166
163 167
163 169
163 170
163 172
163 179
163 186
163 189
163 192
163 193
163 197
164 165
164 167
164 169
164 171
164 172
164 180
164 181
164 184
164 189
164 195
165 167
165 168
165 169
165 171
165 175
165 177
165 185
165 186
165 197
165 198
165 199
166 168
166 173
166 175
166 176
166 182
166 184
166 186
167 172
167 176
167 179
167 182
167 187
167 188
167 194
167 195
167 198
167 199
168 176
168 179
168 180
168 182
168 183
168 184
168 190
168 194
168 196
169 170
169 176
169 177
169 180
169 187
169 188
169 189
169 191
169 192
169 194
169 199
170 171
170 175
170 176
170 182
170 183
170 192
170 195
170 197
170 198
171 172
171 173
171 174
171 181
171 184
171 186
171 189
171 194
172 183
172 188
172 196
172 197
172 198
173 185
173 190
173 192
173 193
173 198
173 199
174 181
174 183
174 191
174 192
174 193
174 198
174 199
175 181
175 186
175 188
175 189
175 193
175 194
175 195
175 198
176 177
176 183
176 184
176 186
176 187
176 191
176 196
176 199
177 181
177 188
177 191
177 197
178 181
178 184
178 188
179 180
179 183
179 184
179 187
179 198
180 181
180 189
180 196
180 198
181 184
181 196
181 198
182 183
182 191
183 185
183 187
183 188
183 195
183 196
184 188
184 189
184 191
184 195
184 198
185 186
185 188
185 189
185 190
185 196
185 198
186 187
186 189
186 197
187 189
187 192
187 195
187 198
188 189
188 191
188 196
188 197
189 191
189 195
189 197
190 198
191 192
191 193
191 198
192 195
193 197
194 195
194 196
195 197
197 199
