231 5297
0 1
0 4
0 35
0 37
0 48
0 49
0 57
0 74
0 80
0 81
0 84
0 96
0 100
0 112
0 116
0 117
0 120
0 128
0 131
0 133
0 141
0 142
0 154
0 162
0 166
0 167
0 175
0 179
0 180
0 181
0 188
0 193
0 198
0 208
0 209
0 211
0 212
0 213
0 216
0 218
0 220
0 224
0 225
1 4
1 11
1 16
1 20
1 25
1 26
1 28
1 35
1 46
1 47
1 49
1 79
1 90
1 91
1 93
1 96
1 101
1 102
1 103
1 114
1 117
1 118
1 138
1 139
1 145
1 146
1 150
1 157
1 162
1 165
1 167
1 172
1 173
1 174
1 180
1 185
1 197
1 198
1 207
1 217
1 221
2 3
2 10
2 12
2 17
2 20
2 31
2 34
2 47
2 51
2 56
2 57
2 62
2 79
2 92
2 97
2 111
2 117
2 121
2 123
2 125
2 129
2 136
2 137
2 141
2 146
2 160
2 161
2 163
2 165
2 169
2 173
2 174
2 178
2 179
2 186
2 188
2 189
2 192
2 198
2 204
2 207
2 213
2 218
2 224
3 8
3 12
3 14
3 18
3 32
3 34
3 48
3 49
3 50
3 55
3 58
3 65
3 70
3 73
3 74
3 80
3 81
3 82
3 86
3 90
3 99
3 101
3 103
3 108
3 111
3 116
3 117
3 121
3 123
3 125
3 140
3 145
3 150
3 151
3 158
3 159
3 160
3 161
3 162
3 166
3 170
3 173
3 183
3 184
3 200
3 201
3 203
3 215
3 216
3 222
3 230
4 6
4 8
4 12
4 20
4 25
4 26
4 32
4 33
4 47
4 49
4 52
4 53
4 60
4 63
4 65
4 73
4 79
4 93
4 98
4 108
4 116
4 118
4 122
4 127
4 129
4 130
4 139
4 145
4 157
4 158
4 160
4 161
4 173
4 184
4 189
4 190
4 218
4 224
4 225
4 228
4 230
5 20
5 22
5 25
5 32
5 43
5 45
5 48
5 52
5 59
5 65
5 71
5 73
5 75
5 78
5 81
5 85
5 87
5 100
5 103
5 112
5 114
5 116
5 123
5 132
5 137
5 138
5 139
5 143
5 156
5 171
5 172
5 175
5 179
5 181
5 186
5 194
5 201
5 205
5 214
5 216
5 219
5 220
5 221
5 224
6 8
6 13
6 18
6 19
6 20
6 29
6 30
6 33
6 34
6 41
6 48
6 50
6 56
6 62
6 66
6 72
6 73
6 82
6 90
6 91
6 99
6 103
6 112
6 117
6 124
6 134
6 139
6 142
6 144
6 161
6 163
6 169
6 170
6 172
6 174
6 175
6 176
6 179
6 181
6 193
6 200
6 202
6 210
6 219
6 224
6 225
7 13
7 15
7 21
7 24
7 27
7 28
7 31
7 34
7 38
7 40
7 43
7 44
7 46
7 56
7 64
7 65
7 76
7 79
7 80
7 81
7 83
7 86
7 89
7 102
7 103
7 105
7 106
7 111
7 124
7 125
7 127
7 128
7 130
7 133
7 137
7 151
7 152
7 154
7 158
7 159
7 161
7 163
7 174
7 176
7 180
7 181
7 199
7 210
7 212
7 218
7 219
7 221
8 9
8 21
8 25
8 34
8 39
8 40
8 44
8 46
8 59
8 61
8 74
8 81
8 83
8 86
8 98
8 101
8 116
8 118
8 120
8 125
8 132
8 134
8 138
8 141
8 147
8 159
8 168
8 169
8 176
8 183
8 184
8 185
8 190
8 194
8 195
8 200
8 201
8 204
8 205
8 208
8 211
8 213
8 214
8 219
8 220
8 222
8 226
9 13
9 16
9 18
9 21
9 23
9 24
9 31
9 39
9 42
9 51
9 54
9 72
9 77
9 90
9 91
9 92
9 95
9 104
9 107
9 114
9 117
9 118
9 123
9 129
9 134
9 144
9 147
9 148
9 149
9 150
9 167
9 174
9 177
9 179
9 193
9 194
9 200
9 202
9 210
9 213
9 217
9 226
9 230
10 13
10 15
10 21
10 32
10 36
10 38
10 46
10 56
10 63
10 66
10 72
10 74
10 79
10 85
10 86
10 88
10 91
10 97
10 99
10 106
10 110
10 112
10 118
10 120
10 121
10 140
10 144
10 151
10 154
10 157
10 162
10 164
10 166
10 171
10 185
10 188
10 191
10 194
10 208
10 213
10 214
10 221
10 224
10 229
11 17
11 18
11 22
11 23
11 28
11 30
11 37
11 44
11 46
11 48
11 49
11 60
11 61
11 64
11 65
11 69
11 70
11 85
11 99
11 101
11 103
11 107
11 114
11 120
11 124
11 125
11 128
11 142
11 147
11 148
11 159
11 160
11 161
11 164
11 165
11 168
11 174
11 176
11 179
11 180
11 185
11 188
11 214
11 215
11 220
11 222
11 225
11 229
12 14
12 18
12 19
12 21
12 30
12 32
12 33
12 36
12 37
12 38
12 39
12 41
12 48
12 50
12 53
12 57
12 59
12 73
12 74
12 79
12 87
12 89
12 93
12 114
12 120
12 122
12 123
12 126
12 129
12 134
12 137
12 138
12 140
12 141
12 145
12 146
12 150
12 153
12 155
12 158
12 162
12 163
12 165
12 181
12 183
12 192
12 199
12 211
12 212
12 213
12 214
12 217
12 225
12 226
12 227
13 22
13 29
13 32
13 34
13 37
13 38
13 39
13 40
13 45
13 50
13 55
13 58
13 69
13 72
13 88
13 91
13 94
13 95
13 96
13 108
13 115
13 125
13 128
13 131
13 138
13 139
13 143
13 152
13 153
13 155
13 164
13 166
13 170
13 178
13 185
13 196
13 199
13 201
13 204
13 213
13 214
13 222
13 228
14 25
14 31
14 32
14 36
14 38
14 39
14 42
14 49
14 52
14 57
14 59
14 69
14 85
14 86
14 89
14 96
14 98
14 102
14 113
14 116
14 117
14 121
14 133
14 136
14 144
14 171
14 179
14 181
14 184
14 188
14 192
14 197
14 202
14 204
14 211
14 213
14 215
14 221
14 227
14 228
14 229
15 21
15 22
15 26
15 31
15 35
15 36
15 41
15 46
15 52
15 65
15 73
15 83
15 91
15 96
15 98
15 101
15 111
15 116
15 120
15 121
15 122
15 129
15 130
15 134
15 138
15 142
15 144
15 146
15 150
15 154
15 159
15 161
15 164
15 168
15 177
15 183
15 184
15 186
15 187
15 195
15 196
15 201
15 203
15 205
15 215
15 217
15 221
15 227
16 24
16 29
16 39
16 48
16 49
16 63
16 66
16 77
16 80
16 83
16 87
16 91
16 100
16 101
16 106
16 115
16 119
16 120
16 130
16 134
16 136
16 139
16 142
16 148
16 152
16 163
16 165
16 166
16 170
16 174
16 182
16 200
16 201
16 204
16 210
16 212
16 219
16 225
16 227
17 18
17 30
17 35
17 38
17 44
17 48
17 49
17 51
17 55
17 63
17 66
17 72
17 79
17 83
17 95
17 98
17 102
17 107
17 110
17 112
17 118
17 124
17 133
17 134
17 135
17 137
17 142
17 144
17 147
17 156
17 163
17 165
17 173
17 185
17 190
17 206
17 209
17 213
17 217
17 225
17 229
18 19
18 21
18 24
18 25
18 28
18 31
18 34
18 38
18 41
18 44
18 52
18 54
18 55
18 58
18 60
18 63
18 76
18 83
18 89
18 101
18 105
18 107
18 112
18 118
18 119
18 126
18 130
18 134
18 135
18 137
18 140
18 152
18 153
18 157
18 158
18 174
18 177
18 178
18 184
18 185
18 190
18 191
18 192
18 201
18 202
18 204
18 216
18 219
18 220
18 225
18 226
19 20
19 22
19 25
19 39
19 40
19 41
19 45
19 46
19 47
19 48
19 52
19 53
19 54
19 66
19 73
19 77
19 81
19 90
19 91
19 96
19 97
19 113
19 123
19 125
19 128
19 130
19 134
19 138
19 141
19 150
19 155
19 158
19 161
19 166
19 167
19 178
19 181
19 184
19 185
19 186
19 187
19 191
19 198
19 214
19 215
19 216
19 219
19 220
20 23
20 34
20 35
20 40
20 42
20 44
20 45
20 47
20 53
20 55
20 56
20 60
20 63
20 72
20 76
20 80
20 89
20 98
20 102
20 103
20 105
20 113
20 117
20 118
20 123
20 125
20 138
20 146
20 147
20 148
20 153
20 156
20 166
20 168
20 169
20 175
20 183
20 185
20 191
20 193
20 195
20 198
20 203
20 206
20 214
20 216
20 222
20 223
20 224
20 226
21 28
21 32
21 34
21 38
21 42
21 46
21 48
21 53
21 58
21 60
21 70
21 71
21 73
21 76
21 83
21 84
21 97
21 98
21 108
21 116
21 125
21 126
21 130
21 135
21 141
21 148
21 151
21 152
21 155
21 156
21 159
21 169
21 172
21 177
21 182
21 183
21 184
21 185
21 195
21 201
21 204
21 212
21 218
21 226
21 229
22 28
22 31
22 33
22 35
22 36
22 45
22 46
22 49
22 53
22 58
22 66
22 89
22 104
22 114
22 117
22 121
22 122
22 129
22 141
22 147
22 149
22 155
22 157
22 172
22 178
22 179
22 181
22 182
22 185
22 187
22 196
22 202
22 204
22 205
22 210
22 221
22 223
22 227
23 31
23 34
23 38
23 50
23 52
23 62
23 64
23 66
23 69
23 74
23 75
23 77
23 84
23 86
23 92
23 108
23 109
23 111
23 120
23 121
23 124
23 128
23 133
23 137
23 141
23 148
23 149
23 151
23 153
23 170
23 172
23 173
23 179
23 187
23 189
23 192
23 199
23 202
23 212
23 213
23 220
23 221
23 226
23 228
24 28
24 32
24 34
24 35
24 38
24 45
24 53
24 62
24 67
24 76
24 78
24 84
24 85
24 89
24 100
24 103
24 104
24 106
24 117
24 120
24 126
24 128
24 133
24 136
24 137
24 138
24 141
24 150
24 154
24 158
24 159
24 161
24 162
24 166
24 183
24 206
24 207
24 209
24 211
24 214
24 223
24 224
24 230
25 30
25 33
25 35
25 45
25 46
25 50
25 52
25 55
25 58
25 69
25 92
25 93
25 101
25 106
25 116
25 119
25 121
25 125
25 134
25 135
25 137
25 146
25 147
25 153
25 154
25 160
25 170
25 171
25 173
25 177
25 182
25 198
25 206
25 213
25 216
25 217
25 221
25 222
26 33
26 39
26 40
26 49
26 52
26 59
26 65
26 68
26 69
26 76
26 79
26 85
26 87
26 88
26 89
26 107
26 108
26 109
26 112
26 118
26 128
26 131
26 133
26 134
26 139
26 141
26 143
26 155
26 158
26 169
26 170
26 177
26 178
26 181
26 186
26 189
26 194
26 195
26 200
26 202
26 204
26 207
26 208
26 212
26 213
26 221
26 224
26 227
27 33
27 35
27 43
27 47
27 53
27 55
27 56
27 59
27 61
27 63
27 65
27 67
27 69
27 71
27 75
27 85
27 93
27 96
27 98
27 99
27 114
27 117
27 118
27 121
27 133
27 141
27 143
27 147
27 153
27 156
27 157
27 162
27 165
27 174
27 178
27 179
27 199
27 204
27 222
27 225
28 40
28 42
28 47
28 48
28 49
28 52
28 53
28 55
28 56
28 59
28 66
28 72
28 76
28 77
28 79
28 82
28 83
28 91
28 96
28 99
28 102
28 107
28 124
28 129
28 130
28 141
28 143
28 146
28 154
28 161
28 165
28 166
28 178
28 188
28 207
28 208
28 209
28 210
28 211
28 225
28 226
29 31
29 39
29 43
29 46
29 50
29 74
29 76
29 77
29 87
29 89
29 91
29 92
29 93
29 94
29 96
29 98
29 109
29 113
29 118
29 125
29 131
29 132
29 141
29 142
29 146
29 147
29 148
29 154
29 156
29 170
29 173
29 174
29 178
29 179
29 180
29 183
29 193
29 200
29 203
29 204
29 207
29 213
29 217
29 223
29 225
29 229
30 31
30 38
30 39
30 45
30 50
30 54
30 56
30 61
30 62
30 64
30 67
30 74
30 77
30 78
30 87
30 88
30 90
30 94
30 96
30 101
30 103
30 104
30 105
30 108
30 118
30 120
30 125
30 128
30 131
30 138
30 144
30 149
30 156
30 161
30 168
30 181
30 184
30 187
30 190
30 205
30 211
30 220
30 225
31 32
31 68
31 69
31 79
31 80
31 87
31 95
31 98
31 110
31 115
31 117
31 125
31 127
31 134
31 140
31 141
31 144
31 157
31 168
31 173
31 174
31 176
31 179
31 192
31 198
31 203
31 210
31 213
31 215
31 219
31 223
31 227
31 228
32 34
32 41
32 42
32 43
32 48
32 51
32 52
32 54
32 63
32 65
32 67
32 81
32 85
32 95
32 98
32 100
32 104
32 105
32 108
32 112
32 114
32 119
32 123
32 124
32 131
32 137
32 149
32 152
32 155
32 157
32 160
32 164
32 171
32 172
32 175
32 178
32 179
32 180
32 182
32 186
32 187
32 191
32 218
32 221
32 225
33 34
33 37
33 44
33 48
33 60
33 66
33 69
33 74
33 86
33 87
33 96
33 101
33 102
33 115
33 118
33 122
33 124
33 133
33 137
33 138
33 139
33 143
33 148
33 152
33 156
33 167
33 169
33 170
33 171
33 174
33 180
33 183
33 185
33 187
33 189
33 190
33 197
33 198
33 205
33 206
33 209
33 222
34 46
34 61
34 75
34 78
34 79
34 81
34 92
34 98
34 110
34 114
34 126
34 127
34 149
34 158
34 161
34 167
34 170
34 178
34 180
34 182
34 183
34 197
34 202
34 206
34 214
34 220
34 221
34 229
35 40
35 48
35 51
35 52
35 59
35 64
35 71
35 75
35 76
35 79
35 81
35 89
35 90
35 106
35 109
35 115
35 129
35 142
35 150
35 151
35 158
35 160
35 162
35 163
35 164
35 166
35 168
35 170
35 171
35 175
35 181
35 182
35 183
35 190
35 191
35 193
35 194
35 198
35 199
35 209
35 211
35 219
35 226
35 229
36 40
36 44
36 47
36 57
36 58
36 60
36 61
36 68
36 78
36 97
36 101
36 111
36 112
36 114
36 116
36 119
36 123
36 128
36 131
36 133
36 138
36 145
36 149
36 153
36 156
36 161
36 163
36 169
36 185
36 188
36 194
36 197
36 204
36 206
36 207
36 210
36 213
37 38
37 39
37 41
37 43
37 46
37 47
37 64
37 70
37 86
37 98
37 102
37 107
37 108
37 112
37 115
37 118
37 126
37 135
37 139
37 140
37 142
37 149
37 161
37 163
37 164
37 174
37 179
37 187
37 189
37 190
37 193
37 199
37 206
37 209
37 211
37 214
37 218
38 40
38 41
38 43
38 53
38 62
38 65
38 69
38 70
38 83
38 84
38 90
38 97
38 104
38 109
38 111
38 116
38 119
38 121
38 127
38 128
38 131
38 134
38 136
38 137
38 138
38 146
38 151
38 153
38 170
38 183
38 193
38 198
38 199
38 204
38 206
38 209
38 213
38 217
38 218
38 221
38 223
38 225
39 44
39 48
39 51
39 53
39 55
39 72
39 74
39 76
39 101
39 103
39 106
39 113
39 116
39 119
39 123
39 132
39 133
39 134
39 135
39 139
39 140
39 143
39 149
39 152
39 165
39 167
39 180
39 181
39 186
39 187
39 193
39 200
39 203
39 207
39 211
39 216
39 217
39 227
40 50
40 52
40 53
40 58
40 59
40 72
40 75
40 77
40 83
40 84
40 88
40 91
40 92
40 94
40 96
40 98
40 100
40 107
40 114
40 115
40 124
40 127
40 131
40 132
40 136
40 140
40 151
40 159
40 163
40 171
40 175
40 176
40 189
40 195
40 200
40 207
40 209
40 215
40 216
40 217
41 42
41 44
41 62
41 63
41 66
41 80
41 82
41 86
41 88
41 90
41 92
41 95
41 107
41 109
41 120
41 127
41 141
41 145
41 146
41 156
41 171
41 175
41 189
41 191
41 200
41 202
41 205
41 206
41 207
41 210
41 219
41 226
41 228
41 229
41 230
42 43
42 48
42 51
42 52
42 56
42 61
42 63
42 70
42 77
42 79
42 84
42 86
42 90
42 105
42 120
42 122
42 125
42 132
42 138
42 140
42 143
42 161
42 163
42 166
42 173
42 174
42 189
42 195
42 201
42 211
42 215
42 222
42 223
42 229
43 45
43 56
43 59
43 63
43 64
43 65
43 76
43 80
43 85
43 87
43 90
43 91
43 106
43 108
43 111
43 116
43 118
43 129
43 138
43 140
43 143
43 151
43 157
43 165
43 167
43 172
43 176
43 179
43 182
43 186
43 187
43 193
43 214
43 217
43 219
43 221
43 222
43 226
44 46
44 47
44 53
44 54
44 60
44 62
44 63
44 64
44 73
44 76
44 79
44 80
44 83
44 93
44 100
44 107
44 113
44 117
44 127
44 129
44 134
44 138
44 140
44 142
44 146
44 157
44 158
44 160
44 161
44 167
44 168
44 169
44 172
44 174
44 175
44 181
44 185
44 188
44 191
44 198
44 209
44 215
44 220
44 222
44 225
45 46
45 47
45 49
45 52
45 63
45 79
45 88
45 93
45 96
45 99
45 107
45 112
45 113
45 124
45 128
45 130
45 137
45 141
45 153
45 157
45 158
45 159
45 184
45 189
45 191
45 196
45 199
45 201
45 202
45 206
45 219
45 222
45 230
46 52
46 55
46 57
46 66
46 68
46 79
46 81
46 84
46 86
46 96
46 103
46 107
46 111
46 117
46 118
46 119
46 120
46 122
46 123
46 125
46 126
46 128
46 131
46 133
46 135
46 137
46 143
46 147
46 155
46 162
46 169
46 170
46 171
46 177
46 186
46 190
46 216
46 217
46 223
46 228
47 48
47 55
47 60
47 63
47 64
47 72
47 78
47 107
47 112
47 119
47 121
47 122
47 124
47 129
47 136
47 137
47 144
47 158
47 160
47 162
47 163
47 166
47 167
47 168
47 171
47 174
47 175
47 182
47 189
47 195
47 204
47 205
47 206
47 208
47 215
48 49
48 64
48 65
48 69
48 76
48 78
48 85
48 91
48 92
48 103
48 106
48 111
48 115
48 116
48 117
48 120
48 123
48 126
48 130
48 134
48 135
48 139
48 144
48 145
48 146
48 150
48 153
48 159
48 160
48 169
48 177
48 179
48 183
48 188
48 193
48 210
48 211
48 216
48 222
48 229
49 59
49 62
49 67
49 75
49 77
49 78
49 84
49 85
49 86
49 90
49 92
49 97
49 98
49 104
49 108
49 109
49 114
49 119
49 121
49 131
49 132
49 135
49 150
49 156
49 157
49 160
49 162
49 165
49 177
49 181
49 182
49 183
49 185
49 191
49 192
49 194
49 204
49 207
49 210
49 225
49 226
49 227
50 54
50 56
50 57
50 64
50 68
50 73
50 80
50 96
50 98
50 106
50 122
50 130
50 132
50 136
50 138
50 140
50 142
50 143
50 144
50 146
50 150
50 163
50 167
50 168
50 178
50 180
50 187
50 195
50 199
50 210
50 214
50 220
50 225
51 54
51 59
51 70
51 81
51 84
51 98
51 104
51 114
51 120
51 129
51 139
51 149
51 154
51 159
51 160
51 168
51 171
51 174
51 175
51 188
51 194
51 197
51 200
51 201
51 209
51 220
51 221
51 226
52 59
52 66
52 68
52 70
52 82
52 88
52 92
52 102
52 116
52 126
52 129
52 143
52 150
52 152
52 155
52 157
52 160
52 161
52 163
52 166
52 170
52 173
52 177
52 178
52 189
52 202
52 208
52 209
52 217
52 220
52 222
52 228
53 58
53 78
53 93
53 106
53 107
53 108
53 126
53 128
53 145
53 148
53 153
53 157
53 159
53 172
53 184
53 198
53 201
53 206
53 210
53 213
53 218
53 219
53 222
53 225
53 228
53 229
54 67
54 75
54 77
54 90
54 92
54 98
54 109
54 110
54 113
54 123
54 131
54 133
54 135
54 136
54 140
54 145
54 146
54 150
54 160
54 163
54 171
54 173
54 177
54 179
54 186
54 188
54 194
54 195
54 205
54 208
54 210
54 213
54 219
54 221
55 64
55 66
55 86
55 87
55 89
55 91
55 94
55 104
55 107
55 114
55 116
55 119
55 123
55 125
55 127
55 129
55 133
55 140
55 147
55 153
55 156
55 165
55 169
55 177
55 197
55 201
55 207
55 210
55 213
55 214
55 220
55 221
55 222
55 224
56 60
56 63
56 65
56 83
56 85
56 90
56 93
56 96
56 98
56 102
56 106
56 110
56 111
56 120
56 122
56 123
56 139
56 143
56 145
56 149
56 155
56 161
56 164
56 172
56 173
56 177
56 180
56 182
56 183
56 191
56 196
56 197
56 202
56 204
56 206
56 210
56 220
56 221
56 223
56 225
57 60
57 61
57 62
57 63
57 64
57 68
57 70
57 77
57 82
57 91
57 95
57 96
57 99
57 112
57 115
57 120
57 124
57 132
57 133
57 134
57 137
57 140
57 142
57 143
57 149
57 153
57 158
57 159
57 180
57 194
57 195
57 196
57 197
57 201
57 202
57 205
57 207
57 218
57 219
57 222
57 223
57 224
58 59
58 62
58 74
58 78
58 97
58 105
58 106
58 110
58 113
58 123
58 128
58 134
58 138
58 139
58 142
58 146
58 148
58 151
58 153
58 155
58 159
58 164
58 168
58 174
58 185
58 186
58 187
58 207
58 208
58 212
58 215
58 217
58 221
58 227
59 63
59 64
59 70
59 72
59 82
59 86
59 88
59 96
59 104
59 110
59 111
59 116
59 131
59 134
59 137
59 140
59 151
59 155
59 156
59 159
59 161
59 162
59 170
59 172
59 186
59 189
59 198
59 208
59 210
59 215
60 65
60 68
60 88
60 98
60 102
60 112
60 122
60 124
60 130
60 132
60 150
60 155
60 157
60 158
60 162
60 167
60 171
60 172
60 188
60 191
60 200
60 204
60 207
60 210
60 217
60 219
60 220
60 222
60 228
61 65
61 67
61 68
61 76
61 79
61 81
61 82
61 93
61 100
61 102
61 108
61 114
61 119
61 129
61 131
61 134
61 136
61 156
61 163
61 164
61 167
61 170
61 173
61 175
61 183
61 187
61 188
61 190
61 192
61 194
61 195
61 198
61 199
61 202
61 212
61 224
61 230
62 65
62 66
62 74
62 85
62 89
62 103
62 104
62 116
62 119
62 128
62 131
62 138
62 150
62 167
62 177
62 178
62 194
62 216
62 217
62 221
62 225
62 229
62 230
63 64
63 69
63 75
63 77
63 80
63 86
63 89
63 102
63 103
63 106
63 107
63 109
63 112
63 113
63 114
63 116
63 120
63 122
63 127
63 131
63 133
63 135
63 143
63 153
63 154
63 162
63 170
63 172
63 177
63 180
63 183
63 187
63 188
63 189
63 190
63 193
63 194
63 201
63 215
63 216
63 217
63 219
63 220
63 227
63 229
63 230
64 65
64 67
64 73
64 74
64 75
64 76
64 78
64 80
64 81
64 83
64 86
64 88
64 100
64 101
64 106
64 110
64 113
64 119
64 138
64 159
64 160
64 177
64 182
64 183
64 187
64 188
64 195
64 197
64 203
64 214
64 223
64 224
64 228
65 66
65 73
65 75
65 80
65 81
65 97
65 105
65 106
65 109
65 114
65 115
65 117
65 122
65 124
65 131
65 134
65 138
65 139
65 142
65 145
65 147
65 162
65 177
65 181
65 183
65 188
65 194
65 196
65 200
65 202
65 213
65 219
65 224
66 68
66 70
66 74
66 75
66 90
66 96
66 114
66 117
66 126
66 137
66 139
66 141
66 145
66 155
66 161
66 164
66 166
66 167
66 170
66 172
66 177
66 180
66 187
66 188
66 189
66 193
66 201
66 207
66 208
66 210
66 213
67 69
67 71
67 72
67 79
67 83
67 86
67 96
67 103
67 104
67 107
67 108
67 109
67 119
67 120
67 143
67 147
67 155
67 160
67 163
67 166
67 171
67 172
67 173
67 180
67 195
67 206
67 216
67 218
67 220
67 225
67 229
67 230
68 76
68 78
68 79
68 82
68 94
68 96
68 97
68 104
68 107
68 109
68 115
68 116
68 119
68 121
68 143
68 149
68 152
68 158
68 160
68 162
68 181
68 182
68 197
68 216
68 220
68 225
68 228
69 70
69 80
69 82
69 89
69 91
69 92
69 105
69 109
69 112
69 116
69 128
69 160
69 169
69 170
69 172
69 173
69 179
69 182
69 201
69 202
69 205
69 209
69 211
69 213
69 214
69 220
69 225
70 71
70 74
70 76
70 78
70 88
70 95
70 97
70 105
70 106
70 121
70 125
70 132
70 138
70 141
70 144
70 153
70 158
70 159
70 162
70 170
70 174
70 184
70 194
70 199
70 200
70 206
70 209
70 210
70 211
70 215
70 217
70 225
71 84
71 87
71 88
71 93
71 103
71 107
71 109
71 115
71 116
71 144
71 150
71 151
71 159
71 179
71 189
71 193
71 194
71 196
71 205
71 212
71 216
72 76
72 77
72 88
72 95
72 101
72 106
72 122
72 125
72 133
72 134
72 136
72 139
72 143
72 147
72 154
72 155
72 160
72 165
72 168
72 177
72 179
72 181
72 182
72 184
72 187
72 188
72 190
72 196
72 202
72 203
72 204
72 207
72 220
73 77
73 78
73 84
73 85
73 92
73 96
73 101
73 104
73 106
73 109
73 112
73 120
73 128
73 137
73 141
73 150
73 151
73 159
73 162
73 168
73 169
73 171
73 172
73 175
73 180
73 181
73 196
73 200
73 206
73 208
73 215
73 216
73 219
73 220
73 227
74 86
74 87
74 88
74 96
74 97
74 105
74 108
74 110
74 116
74 119
74 138
74 143
74 149
74 158
74 167
74 173
74 178
74 183
74 189
74 192
74 205
74 206
74 212
74 213
74 228
74 230
75 77
75 81
75 84
75 86
75 93
75 103
75 107
75 114
75 119
75 137
75 148
75 155
75 162
75 163
75 169
75 174
75 178
75 185
75 188
75 190
75 193
75 195
75 198
75 205
75 206
75 211
75 221
75 228
76 77
76 82
76 90
76 92
76 95
76 102
76 108
76 109
76 113
76 115
76 123
76 134
76 143
76 149
76 155
76 168
76 169
76 177
76 188
76 199
76 225
76 227
76 228
76 230
77 81
77 82
77 83
77 92
77 95
77 108
77 109
77 117
77 135
77 138
77 145
77 150
77 151
77 155
77 163
77 169
77 170
77 172
77 173
77 181
77 183
77 189
77 197
77 199
77 201
77 204
77 209
77 226
78 81
78 85
78 87
78 98
78 100
78 105
78 107
78 115
78 116
78 117
78 125
78 130
78 133
78 136
78 139
78 142
78 147
78 158
78 164
78 167
78 173
78 174
78 179
78 180
78 181
78 189
78 195
78 198
78 200
78 203
78 210
78 215
78 218
78 227
78 228
78 230
79 86
79 90
79 91
79 95
79 96
79 100
79 101
79 102
79 104
79 108
79 109
79 114
79 119
79 121
79 123
79 125
79 130
79 135
79 139
79 140
79 142
79 148
79 150
79 170
79 188
79 198
79 202
79 203
79 221
79 230
80 86
80 88
80 89
80 99
80 116
80 117
80 118
80 119
80 132
80 134
80 136
80 140
80 141
80 143
80 152
80 154
80 155
80 161
80 166
80 168
80 169
80 170
80 175
80 176
80 179
80 184
80 196
80 200
80 203
80 204
80 207
80 211
80 217
80 225
80 226
80 230
81 82
81 85
81 96
81 97
81 102
81 104
81 105
81 113
81 116
81 118
81 123
81 125
81 127
81 148
81 158
81 162
81 163
81 165
81 167
81 179
81 180
81 182
81 188
81 191
81 193
81 194
81 202
81 212
81 216
81 222
81 225
82 85
82 88
82 89
82 97
82 109
82 110
82 112
82 114
82 125
82 127
82 129
82 134
82 149
82 156
82 163
82 166
82 169
82 174
82 178
82 184
82 187
82 188
82 197
82 201
82 209
82 220
82 221
82 226
83 87
83 91
83 92
83 93
83 98
83 99
83 103
83 108
83 111
83 112
83 117
83 121
83 145
83 147
83 152
83 153
83 154
83 158
83 159
83 164
83 172
83 176
83 179
83 182
83 185
83 189
83 192
83 193
83 209
83 211
83 213
83 220
83 222
83 226
83 227
84 92
84 93
84 98
84 99
84 103
84 104
84 125
84 126
84 133
84 151
84 153
84 156
84 158
84 163
84 168
84 169
84 170
84 171
84 174
84 177
84 179
84 181
84 182
84 185
84 186
84 188
84 194
84 195
84 204
84 209
84 210
84 211
84 215
84 221
84 230
85 86
85 95
85 96
85 101
85 108
85 116
85 118
85 121
85 130
85 131
85 135
85 140
85 147
85 149
85 151
85 152
85 157
85 163
85 171
85 172
85 180
85 183
85 189
85 190
85 191
85 194
85 203
85 207
85 217
85 218
85 228
86 88
86 91
86 95
86 96
86 97
86 98
86 100
86 102
86 104
86 105
86 109
86 113
86 115
86 126
86 128
86 143
86 147
86 156
86 157
86 159
86 169
86 172
86 180
86 191
86 195
86 202
86 203
86 204
86 210
86 212
86 217
86 223
86 226
87 89
87 98
87 110
87 111
87 117
87 119
87 124
87 125
87 135
87 140
87 147
87 148
87 157
87 161
87 163
87 168
87 171
87 179
87 182
87 190
87 195
87 196
87 198
87 200
87 201
87 203
87 204
87 223
87 228
88 104
88 120
88 122
88 124
88 127
88 129
88 133
88 149
88 152
88 157
88 163
88 164
88 176
88 179
88 180
88 183
88 184
88 199
88 203
88 211
88 221
88 224
88 225
89 90
89 98
89 99
89 102
89 110
89 111
89 115
89 116
89 122
89 124
89 132
89 138
89 140
89 143
89 144
89 146
89 147
89 148
89 154
89 156
89 162
89 164
89 167
89 168
89 169
89 177
89 183
89 192
89 194
89 195
89 203
89 208
89 210
89 212
89 216
89 223
90 92
90 96
90 105
90 110
90 114
90 119
90 123
90 126
90 128
90 139
90 140
90 144
90 146
90 147
90 149
90 153
90 154
90 170
90 174
90 175
90 183
90 190
90 205
90 207
90 210
90 214
90 219
90 220
90 222
90 225
91 96
91 101
91 103
91 104
91 105
91 108
91 113
91 121
91 133
91 138
91 143
91 144
91 147
91 165
91 181
91 184
91 187
91 188
91 190
91 197
91 199
91 204
91 206
91 207
91 210
91 216
91 223
91 224
92 93
92 96
92 101
92 109
92 116
92 118
92 120
92 135
92 138
92 139
92 140
92 145
92 151
92 155
92 158
92 162
92 165
92 168
92 169
92 189
92 208
92 210
92 228
93 94
93 95
93 98
93 102
93 114
93 126
93 130
93 132
93 133
93 135
93 138
93 143
93 152
93 153
93 157
93 159
93 165
93 178
93 179
93 180
93 181
93 182
93 188
93 189
93 194
93 203
93 204
93 205
93 208
93 213
93 226
93 227
93 229
94 96
94 99
94 111
94 114
94 116
94 119
94 121
94 125
94 127
94 133
94 136
94 143
94 148
94 150
94 158
94 161
94 168
94 175
94 180
94 190
94 193
94 195
94 200
94 201
94 207
94 211
94 219
94 221
94 222
94 229
95 113
95 116
95 125
95 130
95 133
95 142
95 145
95 147
95 154
95 157
95 165
95 167
95 170
95 174
95 178
95 180
95 185
95 186
95 207
95 210
95 212
95 213
95 224
95 225
95 229
96 101
96 103
96 107
96 109
96 113
96 116
96 125
96 132
96 134
96 136
96 143
96 146
96 152
96 154
96 156
96 159
96 161
96 164
96 165
96 167
96 174
96 177
96 181
96 196
96 213
96 214
96 221
96 222
96 227
97 114
97 125
97 127
97 133
97 140
97 157
97 162
97 175
97 176
97 179
97 180
97 200
97 203
97 207
97 208
97 211
97 215
97 217
97 221
97 225
97 229
98 102
98 104
98 110
98 114
98 117
98 120
98 126
98 142
98 143
98 144
98 145
98 146
98 149
98 157
98 158
98 167
98 170
98 173
98 175
98 178
98 187
98 195
98 200
98 210
98 219
98 221
98 229
99 104
99 110
99 125
99 132
99 133
99 135
99 138
99 142
99 144
99 152
99 157
99 164
99 171
99 172
99 173
99 192
99 196
99 201
99 204
99 208
99 217
99 223
99 228
99 230
100 113
100 115
100 119
100 124
100 132
100 134
100 140
100 145
100 147
100 148
100 151
100 155
100 156
100 161
100 162
100 163
100 165
100 167
100 177
100 186
100 194
100 195
100 201
100 204
100 206
100 216
101 107
101 108
101 111
101 114
101 121
101 125
101 127
101 131
101 139
101 141
101 146
101 147
101 154
101 155
101 161
101 162
101 163
101 168
101 171
101 175
101 180
101 184
101 191
101 192
101 211
101 213
101 214
101 215
101 217
101 220
101 230
102 104
102 107
102 109
102 113
102 116
102 117
102 118
102 128
102 130
102 133
102 140
102 145
102 146
102 147
102 153
102 160
102 167
102 173
102 175
102 176
102 184
102 185
102 193
102 204
102 212
102 213
102 218
102 219
102 221
102 223
102 227
102 228
102 229
103 104
103 116
103 120
103 124
103 128
103 129
103 137
103 149
103 150
103 162
103 163
103 173
103 174
103 181
103 187
103 191
103 194
103 201
103 204
103 207
103 210
103 212
103 216
103 217
103 219
103 220
103 225
103 226
103 227
103 228
103 230
104 114
104 124
104 131
104 144
104 148
104 155
104 159
104 162
104 172
104 182
104 184
104 192
104 195
104 198
104 211
104 214
104 218
104 221
104 225
105 112
105 113
105 118
105 119
105 123
105 124
105 132
105 135
105 143
105 149
105 152
105 166
105 169
105 174
105 176
105 187
105 202
105 205
105 206
105 207
105 210
105 219
105 221
105 227
105 228
105 230
106 112
106 114
106 115
106 116
106 117
106 119
106 125
106 132
106 142
106 147
106 160
106 163
106 167
106 173
106 180
106 195
106 201
106 207
106 208
106 216
106 222
106 223
106 224
106 226
106 228
107 111
107 113
107 121
107 122
107 139
107 140
107 152
107 157
107 158
107 161
107 169
107 177
107 183
107 188
107 193
107 194
107 200
107 202
107 208
107 213
107 214
107 215
107 218
107 222
107 228
108 121
108 127
108 131
108 133
108 134
108 137
108 138
108 139
108 142
108 148
108 151
108 154
108 159
108 167
108 169
108 174
108 180
108 187
108 188
108 194
108 200
108 209
108 211
108 216
108 218
108 219
108 228
109 114
109 119
109 124
109 125
109 131
109 138
109 168
109 170
109 181
109 183
109 187
109 203
109 212
109 215
109 217
109 222
110 113
110 119
110 124
110 138
110 139
110 141
110 147
110 170
110 172
110 180
110 184
110 188
110 200
110 205
110 209
110 224
110 230
111 118
111 120
111 124
111 134
111 135
111 137
111 141
111 146
111 148
111 149
111 165
111 179
111 180
111 184
111 187
111 188
111 190
111 205
111 209
111 214
112 116
112 118
112 120
112 124
112 128
112 136
112 140
112 141
112 145
112 156
112 158
112 176
112 185
112 186
112 187
112 192
112 200
112 205
112 211
112 214
112 220
112 221
112 226
113 115
113 119
113 124
113 126
113 132
113 133
113 135
113 137
113 142
113 146
113 147
113 149
113 150
113 153
113 156
113 161
113 169
113 190
113 194
113 201
113 206
113 207
113 209
113 211
113 212
113 222
113 223
113 228
114 126
114 131
114 147
114 164
114 167
114 174
114 182
114 191
114 195
114 196
114 205
114 208
114 210
114 212
114 215
114 223
114 228
115 127
115 128
115 129
115 134
115 152
115 155
115 156
115 158
115 171
115 172
115 177
115 181
115 182
115 183
115 185
115 193
115 196
115 197
115 200
115 207
115 228
116 119
116 138
116 146
116 148
116 149
116 150
116 153
116 158
116 164
116 172
116 174
116 176
116 185
116 187
116 193
116 200
116 202
116 207
116 210
116 214
116 227
117 120
117 123
117 134
117 139
117 142
117 143
117 144
117 152
117 162
117 172
117 179
117 190
117 192
117 193
117 202
117 205
117 213
117 214
117 215
117 220
117 224
117 225
117 229
117 230
118 121
118 127
118 151
118 159
118 168
118 169
118 171
118 192
118 203
118 209
118 219
118 220
118 225
118 226
118 229
119 121
119 123
119 125
119 127
119 131
119 134
119 136
119 138
119 145
119 146
119 148
119 151
119 153
119 157
119 172
119 177
119 181
119 182
119 183
119 188
119 196
119 198
119 202
119 204
119 208
119 209
119 211
119 212
119 213
119 218
119 221
120 122
120 127
120 129
120 130
120 139
120 148
120 150
120 152
120 156
120 165
120 168
120 171
120 175
120 178
120 184
120 185
120 192
120 195
120 197
120 202
120 203
120 220
120 223
120 226
121 123
121 124
121 134
121 137
121 141
121 146
121 150
121 157
121 160
121 163
121 166
121 169
121 171
121 172
121 176
121 177
121 182
121 189
121 197
121 204
121 206
121 211
121 214
121 216
121 225
121 228
122 131
122 133
122 136
122 158
122 161
122 163
122 168
122 169
122 177
122 180
122 200
122 202
122 206
122 208
122 213
122 215
122 217
122 219
122 226
123 129
123 135
123 138
123 144
123 151
123 155
123 157
123 158
123 159
123 161
123 162
123 164
123 168
123 169
123 170
123 182
123 189
123 191
123 195
123 199
123 201
123 202
123 205
123 210
123 212
123 214
123 217
123 220
124 128
124 131
124 134
124 139
124 144
124 150
124 151
124 157
124 158
124 161
124 171
124 172
124 180
124 187
124 190
124 191
124 193
124 197
124 201
124 215
124 218
124 221
124 222
124 223
124 225
124 230
125 139
125 143
125 159
125 165
125 172
125 180
125 186
125 194
125 198
125 200
125 203
125 210
125 215
125 217
125 218
125 228
126 131
126 143
126 144
126 152
126 154
126 158
126 167
126 168
126 172
126 173
126 178
126 180
126 192
126 196
126 198
126 201
126 208
126 213
126 220
126 221
126 226
126 228
127 131
127 133
127 135
127 141
127 144
127 148
127 150
127 153
127 158
127 168
127 172
127 178
127 179
127 183
127 185
127 191
127 194
127 195
127 197
127 204
127 207
127 210
127 221
128 129
128 133
128 140
128 143
128 148
128 154
128 165
128 167
128 169
128 175
128 184
128 191
128 198
128 202
128 208
128 210
128 212
128 214
128 225
129 132
129 136
129 137
129 139
129 141
129 143
129 148
129 160
129 164
129 172
129 177
129 197
129 209
129 211
129 220
129 224
130 131
130 132
130 151
130 163
130 171
130 173
130 178
130 189
130 191
130 197
130 201
130 203
130 204
130 218
130 222
130 223
130 230
131 137
131 138
131 144
131 148
131 149
131 157
131 163
131 166
131 169
131 173
131 186
131 189
131 205
131 211
131 215
131 216
131 226
132 134
132 135
132 136
132 138
132 152
132 153
132 166
132 175
132 176
132 181
132 198
132 199
132 200
132 206
132 211
132 212
133 134
133 135
133 143
133 146
133 148
133 158
133 159
133 162
133 163
133 170
133 171
133 174
133 182
133 188
133 201
133 202
133 208
133 223
133 228
133 229
134 135
134 136
134 138
134 139
134 143
134 155
134 158
134 159
134 160
134 161
134 166
134 172
134 173
134 180
134 182
134 183
134 184
134 188
134 193
134 198
134 201
134 207
134 211
134 220
134 223
134 227
135 142
135 143
135 146
135 149
135 152
135 153
135 155
135 166
135 168
135 170
135 175
135 177
135 181
135 182
135 184
135 187
135 196
135 199
135 200
135 201
135 202
135 212
135 214
135 218
135 224
135 228
136 142
136 143
136 150
136 158
136 159
136 170
136 188
136 198
136 199
136 200
136 205
136 208
136 210
136 211
136 214
136 218
136 219
136 228
137 143
137 147
137 151
137 153
137 158
137 165
137 175
137 177
137 181
137 183
137 196
137 200
137 203
137 205
137 216
138 150
138 155
138 156
138 157
138 162
138 167
138 169
138 178
138 182
138 193
138 198
138 208
138 210
138 215
138 216
138 223
138 224
138 225
138 226
139 145
139 151
139 166
139 171
139 175
139 178
139 184
139 187
139 194
139 198
139 199
139 203
139 206
139 207
139 211
139 215
139 225
139 228
140 145
140 153
140 154
140 160
140 165
140 174
140 176
140 178
140 180
140 181
140 194
140 205
140 206
140 212
140 213
140 218
140 219
140 222
140 229
141 148
141 152
141 159
141 164
141 170
141 175
141 176
141 179
141 188
141 190
141 191
141 193
141 196
141 198
141 202
141 206
141 207
141 208
141 212
141 216
141 218
141 221
141 229
142 145
142 151
142 154
142 156
142 161
142 165
142 171
142 191
142 197
142 203
142 204
142 209
142 217
142 223
142 224
143 144
143 148
143 157
143 162
143 164
143 170
143 171
143 179
143 182
143 187
143 188
143 190
143 191
143 203
143 213
143 217
143 222
143 228
144 145
144 146
144 147
144 157
144 161
144 184
144 193
144 197
144 201
144 208
144 210
144 213
144 216
144 217
144 218
144 221
145 147
145 152
145 164
145 167
145 168
145 169
145 170
145 175
145 190
145 195
145 200
145 202
145 206
145 210
145 212
145 219
145 221
145 223
145 224
145 227
145 229
146 149
146 150
146 153
146 156
146 162
146 168
146 169
146 174
146 182
146 192
146 204
146 220
146 223
146 227
147 155
147 163
147 164
147 169
147 170
147 172
147 174
147 181
147 183
147 187
147 188
147 193
147 196
147 197
147 199
147 202
147 205
147 212
147 224
147 227
147 228
147 230
148 150
148 157
148 159
148 168
148 169
148 172
148 184
148 204
148 206
148 224
148 225
148 229
148 230
149 154
149 158
149 161
149 168
149 170
149 175
149 176
149 177
149 186
149 188
149 189
149 194
149 197
149 204
149 209
149 222
149 228
150 154
150 168
150 173
150 179
150 186
150 204
150 213
150 227
150 229
151 156
151 165
151 167
151 178
151 181
151 193
151 194
151 197
151 198
151 206
151 207
151 209
151 211
151 212
151 229
152 154
152 160
152 167
152 168
152 169
152 172
152 173
152 175
152 182
152 196
152 203
152 208
152 209
152 218
152 219
152 220
152 225
153 158
153 161
153 163
153 171
153 179
153 182
153 188
153 195
153 198
153 204
153 208
153 214
153 215
153 216
153 219
153 224
153 226
154 161
154 165
154 169
154 186
154 193
154 201
154 207
154 211
154 215
154 217
154 219
154 222
155 159
155 161
155 166
155 172
155 173
155 183
155 188
155 189
155 190
155 192
155 196
155 202
155 203
155 205
155 224
156 160
156 166
156 172
156 183
156 198
156 202
156 204
156 206
156 211
156 212
156 217
156 227
157 160
157 168
157 169
157 174
157 186
157 200
157 203
157 205
157 209
157 215
157 223
158 162
158 172
158 176
158 189
158 190
158 191
158 196
158 198
158 200
158 210
158 217
158 218
158 229
159 161
159 168
159 170
159 177
159 178
159 182
159 189
159 192
159 197
159 203
159 208
159 210
159 215
159 221
159 222
159 226
160 162
160 163
160 169
160 172
160 176
160 194
160 198
160 200
160 202
160 204
160 205
160 207
160 211
160 218
160 219
160 228
160 229
160 230
161 167
161 171
161 176
161 180
161 184
161 185
161 186
161 193
161 195
161 214
161 219
161 224
161 228
162 167
162 173
162 176
162 179
162 181
162 182
162 183
162 187
162 189
162 195
162 199
162 200
162 201
162 213
162 216
162 220
162 223
163 164
163 173
163 186
163 212
163 213
163 226
163 228
163 229
163 230
164 171
164 185
164 188
164 192
164 193
164 194
164 199
164 207
164 209
164 215
164 225
164 227
165 173
165 179
165 190
165 191
165 207
165 212
165 222
165 223
165 224
165 225
165 226
165 227
166 168
166 173
166 178
166 181
166 183
166 185
166 191
166 194
166 196
166 197
166 205
166 209
166 213
166 214
166 223
166 226
167 170
167 172
167 177
167 193
167 198
167 207
167 212
167 219
168 190
168 197
168 198
168 205
168 224
168 225
168 228
168 229
169 187
169 189
169 198
169 199
169 212
169 213
169 218
169 225
169 228
170 174
170 180
170 198
170 211
170 227
171 172
171 181
171 183
171 188
171 192
171 195
171 197
171 198
171 199
171 203
171 205
171 207
171 226
172 175
172 176
172 181
172 185
172 191
172 200
172 201
172 210
172 216
172 220
172 222
172 224
173 179
173 181
173 189
173 194
173 197
173 203
173 204
173 212
173 215
173 221
173 224
174 180
174 195
174 206
174 208
174 211
174 216
174 223
174 227
174 229
175 176
175 178
175 180
175 185
175 186
175 190
175 191
175 192
175 198
175 216
175 225
176 177
176 184
176 189
176 191
176 192
176 194
176 195
176 200
176 211
176 224
176 228
176 230
177 179
177 180
177 181
177 182
177 188
177 199
177 201
177 207
177 210
177 211
177 212
177 225
178 185
178 188
178 190
178 191
178 196
178 197
178 201
178 210
178 223
178 227
179 183
179 189
179 195
179 197
179 202
179 204
179 205
179 223
179 225
180 182
180 184
180 187
180 193
180 196
180 201
180 203
180 218
180 223
180 229
181 185
181 186
181 192
181 196
181 209
181 210
181 215
181 230
182 188
182 189
182 216
182 222
182 224
182 228
183 186
183 189
183 201
183 202
183 207
183 210
183 218
183 225
183 226
184 191
184 195
184 197
184 202
184 206
184 214
184 217
184 225
184 226
185 189
185 198
185 199
185 204
185 205
185 208
185 216
185 228
186 203
186 210
186 220
186 222
186 225
186 226
187 191
187 193
187 195
187 206
187 209
187 210
187 211
187 213
187 224
188 193
188 194
188 195
188 208
188 211
188 215
188 223
188 226
189 190
189 207
189 210
189 211
189 214
189 220
189 225
190 197
190 199
190 202
190 203
190 207
190 211
190 213
190 214
190 219
190 222
191 197
191 199
191 207
191 209
191 210
191 223
191 226
192 203
192 209
192 219
192 228
193 194
193 203
193 207
193 212
193 213
193 216
193 220
193 224
193 227
194 201
194 203
194 205
194 214
194 219
194 223
195 196
195 200
195 205
195 206
195 221
196 199
196 203
196 208
196 211
196 218
196 219
196 220
196 227
197 202
197 211
197 212
197 226
197 229
198 209
198 211
198 216
198 219
198 221
198 224
198 228
199 214
199 216
199 221
199 222
200 203
200 213
200 216
200 222
200 224
200 226
201 202
201 203
201 208
201 209
201 222
201 229
201 230
202 204
202 207
202 213
202 222
202 223
202 224
204 211
204 218
204 222
205 215
205 216
205 220
205 221
205 226
206 209
206 210
206 228
207 216
207 223
207 226
207 228
209 211
209 213
209 226
210 217
210 221
210 222
210 223
210 229
210 230
211 220
211 226
211 229
212 216
212 221
212 222
212 223
212 225
213 215
213 228
214 215
214 222
215 220
215 222
215 224
216 217
216 225
217 219
217 225
217 230
218 223
218 226
218 229
219 220
219 223
219 225
219 228
220 221
220 224
220 228
221 226
222 223
222 226
223 230
224 225
226 228
