242 5764
0 10
0 16
0 26
0 27
0 31
0 33
0 40
0 41
0 56
0 61
0 70
0 74
0 76
0 100
0 101
0 103
0 107
0 110
0 114
0 117
0 118
0 120
0 122
0 133
0 135
0 146
0 155
0 158
0 172
0 175
0 177
0 181
0 185
0 204
0 213
0 219
0 221
0 223
0 224
0 229
0 230
0 234
0 235
0 236
1 2
1 5
1 10
1 13
1 23
1 34
1 38
1 41
1 44
1 48
1 64
1 74
1 84
1 85
1 86
1 91
1 94
1 103
1 108
1 110
1 111
1 116
1 118
1 122
1 123
1 127
1 134
1 136
1 141
1 142
1 145
1 152
1 154
1 160
1 161
1 166
1 169
1 173
1 174
1 175
1 182
1 196
1 199
1 200
1 201
1 202
1 205
1 207
1 210
1 218
1 220
1 238
2 11
2 15
2 23
2 25
2 26
2 31
2 38
2 41
2 42
2 46
2 47
2 48
2 49
2 52
2 63
2 64
2 67
2 68
2 80
2 86
2 92
2 97
2 109
2 117
2 122
2 123
2 131
2 140
2 141
2 143
2 147
2 148
2 149
2 150
2 153
2 156
2 160
2 162
2 164
2 168
2 171
2 194
2 200
2 202
2 207
2 208
2 209
2 211
2 219
2 221
2 225
2 226
2 227
2 234
2 240
2 241
3 9
3 10
3 15
3 39
3 49
3 50
3 51
3 53
3 54
3 57
3 61
3 72
3 79
3 80
3 82
3 85
3 89
3 90
3 103
3 106
3 122
3 130
3 142
3 145
3 147
3 151
3 152
3 160
3 181
3 182
3 199
3 201
3 207
3 211
3 218
3 220
3 222
3 223
3 230
3 234
3 238
4 5
4 13
4 19
4 30
4 34
4 36
4 39
4 57
4 59
4 61
4 63
4 73
4 76
4 81
4 84
4 88
4 97
4 114
4 126
4 130
4 143
4 145
4 147
4 149
4 150
4 161
4 162
4 163
4 165
4 176
4 179
4 182
4 185
4 187
4 188
4 189
4 210
4 211
4 213
4 214
4 220
4 231
4 240
5 12
5 13
5 17
5 19
5 20
5 25
5 30
5 33
5 40
5 44
5 49
5 54
5 56
5 61
5 64
5 68
5 72
5 73
5 77
5 78
5 83
5 87
5 96
5 97
5 99
5 107
5 116
5 119
5 122
5 125
5 126
5 137
5 151
5 155
5 159
5 161
5 170
5 172
5 177
5 178
5 179
5 181
5 186
5 191
5 193
5 194
5 195
5 199
5 211
5 214
5 224
5 227
5 230
5 233
6 15
6 38
6 44
6 54
6 57
6 59
6 60
6 65
6 66
6 71
6 84
6 85
6 92
6 98
6 103
6 118
6 123
6 125
6 126
6 130
6 143
6 149
6 151
6 161
6 164
6 171
6 177
6 180
6 181
6 182
6 184
6 188
6 190
6 200
6 201
6 203
6 208
6 210
6 216
6 225
6 236
6 238
6 241
7 8
7 10
7 11
7 13
7 20
7 33
7 44
7 51
7 60
7 63
7 64
7 65
7 66
7 71
7 72
7 75
7 86
7 91
7 92
7 102
7 105
7 107
7 108
7 116
7 129
7 137
7 141
7 143
7 149
7 150
7 151
7 153
7 163
7 167
7 172
7 178
7 180
7 182
7 185
7 186
7 190
7 194
7 208
7 210
7 212
7 223
7 239
7 240
8 13
8 15
8 16
8 22
8 24
8 27
8 32
8 36
8 61
8 63
8 64
8 74
8 76
8 78
8 83
8 93
8 99
8 102
8 104
8 105
8 133
8 136
8 138
8 139
8 140
8 145
8 159
8 160
8 167
8 168
8 169
8 176
8 188
8 189
8 191
8 194
8 197
8 205
8 208
8 212
8 227
8 228
8 236
8 237
8 241
9 11
9 13
9 19
9 27
9 31
9 36
9 48
9 56
9 57
9 60
9 63
9 66
9 71
9 74
9 83
9 84
9 92
9 96
9 97
9 117
9 124
9 125
9 129
9 132
9 136
9 139
9 141
9 142
9 150
9 151
9 157
9 159
9 162
9 164
9 171
9 172
9 175
9 181
9 193
9 195
9 200
9 204
9 216
9 230
9 236
9 240
10 11
10 12
10 15
10 19
10 21
10 29
10 32
10 37
10 39
10 66
10 67
10 73
10 75
10 76
10 79
10 80
10 81
10 93
10 95
10 113
10 116
10 117
10 128
10 130
10 136
10 143
10 146
10 151
10 160
10 162
10 164
10 166
10 175
10 184
10 186
10 189
10 191
10 194
10 199
10 200
10 202
10 204
10 205
10 206
10 209
10 210
10 213
10 215
10 220
10 223
10 224
10 230
10 236
11 18
11 20
11 21
11 22
11 26
11 27
11 28
11 34
11 36
11 38
11 48
11 50
11 53
11 54
11 56
11 63
11 64
11 75
11 80
11 81
11 83
11 87
11 97
11 99
11 100
11 107
11 118
11 123
11 125
11 127
11 129
11 135
11 137
11 138
11 144
11 145
11 151
11 155
11 157
11 166
11 167
11 173
11 182
11 187
11 198
11 200
11 202
11 204
11 205
11 208
11 213
11 214
11 215
11 223
11 224
11 226
11 237
11 240
12 15
12 19
12 25
12 36
12 42
12 50
12 52
12 53
12 55
12 64
12 69
12 73
12 74
12 77
12 87
12 89
12 94
12 104
12 109
12 111
12 119
12 141
12 144
12 145
12 146
12 149
12 150
12 152
12 159
12 160
12 162
12 168
12 169
12 172
12 175
12 192
12 198
12 205
12 212
12 222
12 224
12 227
13 14
13 17
13 22
13 27
13 30
13 33
13 42
13 48
13 52
13 53
13 59
13 60
13 62
13 65
13 67
13 69
13 70
13 74
13 75
13 76
13 83
13 85
13 92
13 96
13 105
13 122
13 130
13 135
13 136
13 148
13 154
13 161
13 165
13 167
13 169
13 171
13 175
13 176
13 183
13 189
13 206
13 210
13 227
14 17
14 19
14 22
14 24
14 27
14 32
14 34
14 40
14 41
14 44
14 53
14 56
14 57
14 62
14 63
14 64
14 71
14 80
14 81
14 92
14 97
14 102
14 105
14 108
14 116
14 117
14 123
14 130
14 136
14 138
14 139
14 146
14 153
14 158
14 167
14 172
14 179
14 186
14 197
14 198
14 199
14 204
14 206
15 25
15 27
15 30
15 31
15 33
15 35
15 44
15 50
15 65
15 67
15 69
15 70
15 75
15 82
15 87
15 88
15 91
15 93
15 100
15 107
15 110
15 127
15 132
15 134
15 138
15 152
15 156
15 160
15 164
15 166
15 167
15 176
15 177
15 187
15 198
15 202
15 204
15 212
15 214
15 216
15 218
15 222
15 226
15 231
16 21
16 35
16 38
16 48
16 49
16 51
16 69
16 74
16 86
16 92
16 96
16 102
16 105
16 106
16 122
16 123
16 126
16 131
16 137
16 139
16 140
16 150
16 151
16 153
16 156
16 158
16 168
16 171
16 179
16 194
16 197
16 201
16 204
16 208
16 223
16 228
16 238
16 240
17 24
17 25
17 31
17 33
17 41
17 44
17 47
17 49
17 50
17 55
17 62
17 76
17 80
17 86
17 91
17 92
17 107
17 108
17 109
17 113
17 115
17 116
17 120
17 125
17 126
17 133
17 136
17 139
17 141
17 144
17 145
17 152
17 154
17 157
17 161
17 164
17 166
17 172
17 176
17 183
17 190
17 197
17 212
17 215
17 217
17 232
18 20
18 22
18 23
18 35
18 40
18 44
18 46
18 48
18 50
18 51
18 55
18 57
18 67
18 69
18 71
18 77
18 96
18 97
18 113
18 114
18 116
18 120
18 121
18 127
18 149
18 155
18 159
18 160
18 165
18 166
18 174
18 178
18 187
18 190
18 204
18 213
18 214
18 215
18 218
18 219
18 220
18 228
18 232
18 236
18 240
19 24
19 43
19 49
19 60
19 62
19 65
19 69
19 81
19 82
19 83
19 90
19 91
19 92
19 93
19 96
19 102
19 105
19 106
19 107
19 111
19 113
19 122
19 132
19 140
19 144
19 152
19 155
19 156
19 158
19 159
19 160
19 161
19 164
19 167
19 168
19 178
19 183
19 185
19 191
19 194
19 200
19 201
19 209
19 210
19 215
20 26
20 27
20 29
20 34
20 35
20 41
20 49
20 50
20 51
20 66
20 70
20 77
20 86
20 92
20 100
20 113
20 117
20 123
20 125
20 127
20 138
20 143
20 144
20 147
20 149
20 153
20 156
20 157
20 160
20 162
20 168
20 170
20 178
20 181
20 184
20 197
20 198
20 204
20 206
20 213
20 219
20 222
20 229
20 231
20 240
21 37
21 43
21 47
21 48
21 49
21 54
21 55
21 57
21 58
21 65
21 69
21 78
21 81
21 84
21 85
21 94
21 101
21 102
21 105
21 110
21 112
21 117
21 142
21 144
21 146
21 150
21 154
21 158
21 159
21 162
21 169
21 172
21 173
21 177
21 180
21 182
21 190
21 191
21 192
21 194
21 201
21 208
21 218
21 219
21 230
21 232
21 237
22 24
22 27
22 30
22 42
22 53
22 55
22 58
22 59
22 60
22 63
22 68
22 74
22 75
22 80
22 83
22 84
22 85
22 93
22 95
22 101
22 109
22 113
22 114
22 126
22 127
22 129
22 130
22 135
22 137
22 138
22 142
22 150
22 151
22 152
22 157
22 165
22 169
22 172
22 180
22 182
22 186
22 194
22 196
22 198
22 200
22 202
22 206
22 208
22 214
22 218
22 226
22 228
23 35
23 38
23 40
23 42
23 47
23 48
23 52
23 53
23 65
23 66
23 68
23 71
23 89
23 94
23 96
23 99
23 101
23 110
23 112
23 121
23 138
23 143
23 144
23 147
23 149
23 152
23 156
23 157
23 162
23 175
23 177
23 187
23 199
23 203
23 206
23 209
23 214
23 222
23 223
23 231
23 239
24 33
24 38
24 52
24 56
24 64
24 66
24 69
24 77
24 82
24 83
24 88
24 93
24 95
24 96
24 104
24 105
24 116
24 130
24 131
24 137
24 146
24 147
24 148
24 153
24 163
24 171
24 175
24 184
24 186
24 187
24 190
24 196
24 204
24 210
24 219
24 222
24 226
24 227
24 232
24 237
25 33
25 38
25 39
25 43
25 51
25 57
25 58
25 62
25 64
25 67
25 70
25 71
25 73
25 82
25 83
25 84
25 94
25 95
25 98
25 107
25 109
25 110
25 111
25 119
25 121
25 122
25 134
25 135
25 136
25 141
25 150
25 155
25 158
25 173
25 182
25 193
25 194
25 204
25 205
25 208
25 209
25 211
25 217
25 229
25 234
25 236
25 240
25 241
26 27
26 28
26 35
26 37
26 40
26 44
26 47
26 52
26 53
26 59
26 61
26 62
26 63
26 81
26 86
26 88
26 89
26 97
26 99
26 107
26 108
26 116
26 118
26 120
26 121
26 126
26 132
26 143
26 146
26 149
26 151
26 152
26 154
26 162
26 169
26 194
26 200
26 201
26 203
26 205
26 210
26 213
26 225
26 227
26 228
26 238
27 32
27 41
27 42
27 44
27 60
27 61
27 65
27 67
27 70
27 74
27 77
27 78
27 79
27 84
27 90
27 97
27 99
27 101
27 106
27 111
27 117
27 121
27 124
27 142
27 143
27 152
27 153
27 159
27 168
27 170
27 171
27 173
27 175
27 176
27 177
27 184
27 187
27 193
27 196
27 199
27 200
27 213
27 214
27 223
27 230
27 232
27 237
28 32
28 36
28 37
28 41
28 42
28 44
28 46
28 65
28 69
28 70
28 89
28 90
28 104
28 106
28 108
28 113
28 116
28 118
28 122
28 124
28 126
28 127
28 128
28 133
28 138
28 142
28 143
28 146
28 147
28 148
28 149
28 150
28 151
28 156
28 164
28 173
28 180
28 189
28 193
28 197
28 199
28 204
28 209
28 210
28 213
28 214
28 222
28 224
28 226
28 228
29 33
29 41
29 46
29 50
29 60
29 61
29 64
29 67
29 74
29 75
29 79
29 81
29 90
29 102
29 106
29 107
29 112
29 114
29 117
29 118
29 127
29 128
29 129
29 132
29 137
29 140
29 148
29 153
29 154
29 174
29 176
29 177
29 180
29 182
29 199
29 202
29 203
29 207
29 234
29 241
30 37
30 39
30 41
30 46
30 56
30 68
30 69
30 72
30 73
30 78
30 81
30 86
30 94
30 95
30 105
30 107
30 108
30 110
30 112
30 131
30 133
30 146
30 149
30 151
30 152
30 154
30 158
30 164
30 167
30 169
30 172
30 173
30 174
30 178
30 188
30 197
30 199
30 207
30 220
30 227
30 235
30 241
31 34
31 50
31 52
31 53
31 62
31 64
31 66
31 71
31 75
31 78
31 88
31 90
31 91
31 94
31 95
31 96
31 100
31 102
31 105
31 106
31 107
31 109
31 117
31 124
31 126
31 134
31 136
31 139
31 141
31 144
31 149
31 172
31 174
31 187
31 194
31 195
31 219
31 220
31 233
31 240
32 36
32 45
32 51
32 53
32 57
32 60
32 64
32 93
32 96
32 103
32 104
32 106
32 111
32 120
32 127
32 130
32 140
32 144
32 150
32 164
32 166
32 168
32 169
32 174
32 177
32 185
32 186
32 188
32 206
32 215
32 220
32 221
32 231
32 237
33 35
33 36
33 37
33 38
33 40
33 46
33 55
33 59
33 64
33 76
33 77
33 82
33 95
33 101
33 103
33 104
33 105
33 127
33 129
33 138
33 147
33 150
33 161
33 165
33 169
33 172
33 176
33 177
33 186
33 192
33 198
33 207
33 211
33 236
34 37
34 38
34 39
34 44
34 50
34 55
34 58
34 62
34 67
34 79
34 81
34 85
34 86
34 87
34 89
34 99
34 105
34 112
34 113
34 114
34 126
34 130
34 132
34 134
34 138
34 139
34 140
34 148
34 165
34 167
34 169
34 173
34 175
34 176
34 177
34 206
34 214
34 219
34 224
34 233
35 45
35 55
35 61
35 66
35 76
35 87
35 99
35 100
35 102
35 107
35 110
35 111
35 119
35 121
35 130
35 133
35 137
35 146
35 148
35 149
35 150
35 160
35 165
35 169
35 175
35 186
35 203
35 204
35 207
35 209
35 225
35 226
35 231
36 37
36 40
36 41
36 50
36 53
36 57
36 58
36 60
36 66
36 67
36 71
36 72
36 74
36 84
36 91
36 94
36 95
36 100
36 102
36 106
36 113
36 114
36 115
36 118
36 127
36 131
36 134
36 139
36 141
36 158
36 160
36 174
36 175
36 180
36 181
36 189
36 198
36 204
36 214
36 215
36 217
36 221
36 237
36 239
37 43
37 58
37 60
37 61
37 62
37 66
37 67
37 68
37 73
37 82
37 91
37 101
37 108
37 114
37 123
37 129
37 136
37 142
37 143
37 147
37 163
37 164
37 168
37 174
37 175
37 176
37 177
37 188
37 193
37 196
37 204
37 218
37 234
37 238
38 39
38 46
38 50
38 52
38 54
38 56
38 61
38 65
38 66
38 73
38 77
38 88
38 89
38 94
38 97
38 105
38 108
38 109
38 117
38 121
38 145
38 146
38 147
38 150
38 154
38 157
38 164
38 165
38 174
38 195
38 202
38 203
38 204
38 210
38 215
38 219
38 226
38 227
39 45
39 48
39 49
39 52
39 55
39 59
39 71
39 81
39 86
39 87
39 93
39 94
39 97
39 98
39 99
39 100
39 102
39 103
39 106
39 109
39 116
39 136
39 143
39 144
39 147
39 148
39 163
39 164
39 165
39 167
39 174
39 178
39 182
39 184
39 189
39 196
39 210
39 224
39 225
39 227
39 228
39 229
40 46
40 51
40 56
40 59
40 61
40 63
40 71
40 76
40 78
40 80
40 87
40 92
40 96
40 97
40 102
40 104
40 105
40 107
40 110
40 113
40 114
40 116
40 117
40 118
40 125
40 128
40 131
40 139
40 149
40 158
40 164
40 168
40 175
40 176
40 178
40 179
40 187
40 193
40 196
40 197
40 199
40 203
40 207
40 212
40 222
40 230
41 54
41 57
41 58
41 60
41 61
41 67
41 68
41 69
41 72
41 79
41 89
41 102
41 117
41 123
41 130
41 142
41 144
41 146
41 153
41 158
41 170
41 185
41 188
41 189
41 208
41 209
41 214
41 216
41 221
41 222
41 223
41 224
41 234
41 235
41 236
41 241
42 45
42 47
42 50
42 65
42 66
42 72
42 75
42 77
42 80
42 81
42 83
42 96
42 101
42 102
42 103
42 104
42 107
42 108
42 109
42 115
42 116
42 122
42 124
42 125
42 127
42 128
42 130
42 131
42 136
42 137
42 151
42 152
42 159
42 160
42 164
42 176
42 178
42 180
42 185
42 188
42 191
42 197
42 198
42 201
42 202
42 211
42 213
42 214
42 237
43 44
43 48
43 49
43 51
43 52
43 57
43 58
43 67
43 82
43 85
43 87
43 89
43 106
43 112
43 115
43 116
43 118
43 136
43 138
43 146
43 149
43 152
43 157
43 159
43 162
43 163
43 165
43 175
43 176
43 179
43 182
43 188
43 189
43 191
43 192
43 193
43 211
43 212
43 213
43 221
43 227
43 232
43 233
43 234
43 240
44 47
44 48
44 52
44 55
44 56
44 57
44 68
44 70
44 73
44 79
44 93
44 100
44 103
44 107
44 109
44 110
44 118
44 120
44 123
44 128
44 130
44 131
44 134
44 135
44 141
44 144
44 153
44 155
44 161
44 163
44 164
44 171
44 172
44 174
44 175
44 182
44 188
44 193
44 199
44 203
44 204
44 216
44 233
44 236
44 240
45 46
45 48
45 55
45 61
45 64
45 65
45 69
45 74
45 75
45 76
45 77
45 79
45 81
45 91
45 97
45 107
45 108
45 110
45 123
45 124
45 127
45 130
45 131
45 139
45 145
45 147
45 149
45 155
45 161
45 162
45 166
45 171
45 172
45 177
45 178
45 181
45 184
45 193
45 205
45 209
45 214
45 219
45 223
45 228
46 64
46 67
46 70
46 75
46 79
46 81
46 84
46 85
46 86
46 92
46 95
46 100
46 114
46 115
46 118
46 120
46 122
46 123
46 126
46 130
46 135
46 140
46 145
46 150
46 155
46 160
46 163
46 165
46 171
46 172
46 178
46 183
46 195
46 197
46 202
46 203
46 208
46 214
46 215
46 217
46 227
46 228
46 232
47 62
47 65
47 67
47 74
47 77
47 78
47 80
47 82
47 93
47 101
47 117
47 120
47 121
47 124
47 132
47 141
47 142
47 144
47 146
47 149
47 151
47 152
47 161
47 163
47 176
47 178
47 186
47 194
47 196
47 202
47 207
47 210
47 213
47 214
47 216
47 220
47 221
47 223
47 224
47 232
47 233
47 238
48 50
48 52
48 61
48 66
48 68
48 70
48 76
48 78
48 80
48 85
48 94
48 99
48 101
48 113
48 117
48 123
48 129
48 131
48 132
48 137
48 143
48 145
48 151
48 158
48 160
48 165
48 167
48 185
48 188
48 189
48 192
48 193
48 202
48 205
48 208
48 210
48 232
48 234
48 238
48 240
49 54
49 60
49 79
49 82
49 87
49 90
49 100
49 106
49 116
49 117
49 141
49 144
49 152
49 153
49 156
49 159
49 160
49 174
49 181
49 184
49 188
49 189
49 200
49 201
49 220
49 221
49 231
49 238
49 239
50 54
50 57
50 62
50 71
50 75
50 79
50 81
50 82
50 86
50 87
50 98
50 99
50 107
50 109
50 110
50 120
50 122
50 127
50 128
50 135
50 145
50 152
50 155
50 169
50 171
50 172
50 178
50 189
50 191
50 206
50 207
50 212
50 221
50 236
50 239
51 55
51 59
51 62
51 68
51 72
51 77
51 85
51 87
51 95
51 98
51 103
51 105
51 111
51 112
51 119
51 120
51 125
51 127
51 136
51 147
51 148
51 158
51 168
51 178
51 180
51 182
51 185
51 210
51 223
51 224
51 225
51 229
51 232
52 57
52 61
52 62
52 69
52 76
52 79
52 93
52 94
52 95
52 97
52 99
52 102
52 106
52 108
52 122
52 123
52 127
52 138
52 142
52 146
52 147
52 150
52 152
52 153
52 154
52 171
52 182
52 202
52 211
52 212
52 216
52 220
52 222
52 224
52 231
53 67
53 70
53 84
53 85
53 91
53 94
53 95
53 105
53 106
53 108
53 115
53 123
53 126
53 130
53 133
53 136
53 143
53 157
53 161
53 165
53 167
53 169
53 173
53 176
53 187
53 192
53 193
53 205
53 207
53 211
53 213
53 224
53 231
53 234
53 240
54 58
54 70
54 73
54 82
54 86
54 88
54 90
54 96
54 98
54 103
54 113
54 118
54 120
54 132
54 145
54 148
54 151
54 156
54 160
54 164
54 165
54 168
54 172
54 176
54 182
54 183
54 189
54 196
54 198
54 201
54 209
54 210
54 217
54 224
54 225
54 227
54 228
54 229
54 231
54 239
55 57
55 58
55 59
55 64
55 70
55 82
55 88
55 89
55 102
55 106
55 110
55 122
55 127
55 136
55 143
55 148
55 151
55 156
55 158
55 181
55 185
55 188
55 189
55 194
55 197
55 198
55 199
55 202
55 205
55 217
55 227
55 228
55 238
56 62
56 66
56 71
56 86
56 88
56 90
56 95
56 96
56 110
56 117
56 129
56 130
56 155
56 156
56 157
56 160
56 163
56 165
56 166
56 170
56 174
56 180
56 185
56 193
56 195
56 218
56 219
56 222
56 223
56 227
56 234
56 235
56 238
56 240
57 59
57 60
57 61
57 72
57 86
57 87
57 92
57 94
57 95
57 96
57 100
57 105
57 106
57 107
57 112
57 114
57 115
57 116
57 120
57 121
57 138
57 139
57 141
57 153
57 172
57 177
57 178
57 181
57 183
57 184
57 186
57 189
57 191
57 195
57 203
57 212
57 214
57 236
57 238
57 240
58 70
58 74
58 76
58 79
58 80
58 81
58 84
58 91
58 117
58 118
58 123
58 134
58 141
58 142
58 145
58 147
58 149
58 165
58 166
58 182
58 183
58 188
58 192
58 196
58 208
58 211
58 218
58 221
58 234
59 63
59 72
59 94
59 95
59 96
59 97
59 98
59 100
59 101
59 106
59 108
59 118
59 121
59 126
59 127
59 144
59 153
59 162
59 172
59 180
59 181
59 194
59 196
59 197
59 201
59 210
59 234
59 238
59 239
60 67
60 75
60 76
60 79
60 80
60 82
60 89
60 99
60 102
60 108
60 122
60 128
60 129
60 137
60 151
60 155
60 159
60 160
60 171
60 179
60 180
60 194
60 197
60 203
60 204
60 208
60 211
60 215
60 216
60 221
60 224
60 233
60 234
60 236
60 241
61 74
61 76
61 78
61 82
61 85
61 89
61 91
61 98
61 104
61 106
61 110
61 113
61 121
61 127
61 144
61 163
61 172
61 181
61 184
61 188
61 195
61 202
61 218
61 220
61 223
61 226
61 227
61 229
61 230
61 235
62 65
62 66
62 72
62 75
62 76
62 80
62 82
62 84
62 86
62 89
62 100
62 103
62 104
62 113
62 117
62 130
62 139
62 142
62 149
62 152
62 162
62 163
62 174
62 177
62 185
62 196
62 205
62 208
62 215
62 220
62 221
62 223
62 232
62 233
62 237
62 241
63 64
63 67
63 72
63 93
63 94
63 102
63 108
63 116
63 122
63 123
63 134
63 135
63 147
63 149
63 151
63 154
63 163
63 164
63 171
63 175
63 185
63 186
63 190
63 197
63 200
63 202
63 210
63 211
63 212
63 224
63 230
63 240
64 66
64 68
64 69
64 70
64 74
64 76
64 87
64 95
64 106
64 107
64 109
64 110
64 111
64 115
64 121
64 130
64 131
64 135
64 136
64 144
64 158
64 160
64 165
64 170
64 173
64 177
64 179
64 193
64 198
64 217
64 233
64 237
64 238
65 67
65 70
65 71
65 80
65 88
65 101
65 105
65 111
65 115
65 116
65 120
65 122
65 124
65 128
65 129
65 134
65 135
65 139
65 142
65 145
65 148
65 149
65 152
65 165
65 171
65 174
65 178
65 180
65 184
65 199
65 205
65 209
65 212
65 214
65 226
65 238
66 69
66 70
66 73
66 84
66 91
66 92
66 95
66 96
66 115
66 117
66 118
66 131
66 145
66 150
66 153
66 154
66 158
66 159
66 174
66 177
66 190
66 199
66 200
66 205
66 210
66 217
66 226
66 227
66 228
66 229
66 232
66 240
67 72
67 73
67 80
67 83
67 89
67 92
67 98
67 100
67 105
67 115
67 116
67 125
67 128
67 148
67 157
67 172
67 177
67 183
67 191
67 192
67 193
67 198
67 206
67 211
67 221
67 226
67 228
67 233
67 240
67 241
68 70
68 71
68 74
68 78
68 81
68 82
68 89
68 96
68 114
68 117
68 120
68 123
68 136
68 137
68 139
68 141
68 153
68 155
68 157
68 158
68 166
68 167
68 172
68 183
68 189
68 196
68 198
68 213
68 217
68 218
68 228
68 239
69 71
69 80
69 81
69 82
69 83
69 93
69 100
69 105
69 114
69 115
69 121
69 125
69 129
69 131
69 132
69 142
69 145
69 146
69 150
69 152
69 162
69 170
69 176
69 180
69 186
69 196
69 206
69 210
69 211
69 213
69 215
69 225
69 228
69 233
69 236
69 237
69 240
69 241
70 71
70 75
70 79
70 83
70 88
70 92
70 96
70 101
70 110
70 113
70 123
70 129
70 134
70 135
70 139
70 140
70 143
70 147
70 148
70 159
70 160
70 167
70 179
70 180
70 193
70 204
70 208
70 217
70 221
70 232
70 236
70 237
71 72
71 80
71 82
71 83
71 95
71 99
71 100
71 111
71 113
71 114
71 117
71 121
71 133
71 144
71 149
71 161
71 162
71 169
71 171
71 172
71 176
71 180
71 182
71 184
71 190
71 191
71 192
71 193
71 195
71 202
71 205
71 207
71 212
71 215
72 79
72 91
72 105
72 106
72 111
72 115
72 116
72 135
72 136
72 144
72 154
72 157
72 160
72 161
72 165
72 172
72 176
72 182
72 187
72 188
72 199
72 201
72 205
72 209
72 213
72 215
72 217
72 218
72 221
72 224
72 235
72 236
72 237
73 76
73 77
73 78
73 81
73 88
73 91
73 94
73 96
73 97
73 110
73 114
73 118
73 128
73 142
73 148
73 151
73 152
73 159
73 166
73 174
73 191
73 193
73 209
73 223
73 231
73 232
73 241
74 75
74 82
74 92
74 98
74 100
74 117
74 123
74 124
74 125
74 132
74 138
74 159
74 165
74 186
74 190
74 199
74 213
74 216
74 230
74 231
74 238
74 240
75 76
75 83
75 86
75 98
75 102
75 103
75 108
75 114
75 117
75 121
75 123
75 129
75 130
75 134
75 135
75 145
75 149
75 153
75 157
75 159
75 162
75 167
75 168
75 170
75 172
75 176
75 178
75 182
75 188
75 190
75 199
75 201
75 202
75 215
75 225
75 228
75 230
75 241
76 87
76 90
76 92
76 104
76 106
76 108
76 116
76 125
76 128
76 131
76 135
76 146
76 157
76 160
76 161
76 172
76 177
76 178
76 184
76 197
76 200
76 204
76 206
76 208
76 213
76 222
76 223
76 225
76 227
77 78
77 79
77 103
77 104
77 105
77 106
77 113
77 117
77 118
77 119
77 122
77 127
77 129
77 136
77 139
77 160
77 167
77 177
77 188
77 190
77 194
77 199
77 201
77 202
77 205
77 207
77 209
77 220
77 227
77 234
77 237
78 81
78 83
78 84
78 87
78 97
78 98
78 101
78 102
78 115
78 118
78 125
78 130
78 136
78 143
78 145
78 146
78 159
78 164
78 166
78 170
78 191
78 198
78 200
78 211
78 213
78 223
78 226
78 229
78 235
79 88
79 98
79 101
79 105
79 108
79 111
79 116
79 122
79 124
79 130
79 139
79 144
79 147
79 151
79 161
79 164
79 168
79 175
79 185
79 190
79 191
79 201
79 203
79 204
79 205
79 209
79 215
79 220
79 224
79 228
79 229
79 235
79 241
80 83
80 85
80 89
80 90
80 91
80 92
80 93
80 95
80 96
80 100
80 103
80 109
80 110
80 116
80 117
80 125
80 134
80 137
80 138
80 142
80 163
80 164
80 167
80 173
80 176
80 177
80 179
80 203
80 204
80 225
80 227
80 229
80 235
80 238
81 88
81 92
81 93
81 96
81 100
81 101
81 107
81 112
81 124
81 125
81 129
81 134
81 141
81 144
81 148
81 154
81 155
81 156
81 169
81 173
81 174
81 181
81 182
81 191
81 206
81 207
81 209
81 213
81 215
81 217
81 219
81 227
81 235
81 236
82 83
82 87
82 91
82 93
82 96
82 103
82 109
82 113
82 119
82 123
82 124
82 127
82 132
82 138
82 143
82 148
82 153
82 161
82 164
82 171
82 173
82 176
82 178
82 181
82 182
82 187
82 190
82 195
82 202
82 205
82 208
82 212
82 217
82 234
82 236
82 237
83 85
83 87
83 88
83 92
83 94
83 95
83 103
83 113
83 119
83 121
83 122
83 130
83 145
83 153
83 168
83 170
83 180
83 181
83 185
83 193
83 194
83 197
83 201
83 217
83 219
83 220
83 221
83 222
83 223
83 229
83 232
83 233
83 236
83 238
84 109
84 113
84 117
84 120
84 141
84 145
84 152
84 161
84 162
84 166
84 177
84 179
84 183
84 190
84 205
84 212
84 217
84 222
84 227
84 228
84 234
84 235
84 241
85 86
85 90
85 94
85 99
85 100
85 101
85 105
85 106
85 111
85 112
85 116
85 119
85 126
85 133
85 135
85 137
85 143
85 149
85 152
85 153
85 157
85 159
85 163
85 165
85 168
85 174
85 175
85 181
85 183
85 185
85 187
85 202
85 209
85 210
85 215
85 217
85 226
85 229
85 236
85 237
86 92
86 93
86 95
86 102
86 103
86 105
86 113
86 121
86 123
86 124
86 131
86 133
86 142
86 143
86 145
86 147
86 149
86 150
86 151
86 152
86 157
86 158
86 162
86 165
86 173
86 174
86 175
86 179
86 182
86 183
86 185
86 202
86 206
86 218
86 230
86 237
87 90
87 110
87 121
87 132
87 133
87 153
87 155
87 164
87 166
87 167
87 169
87 172
87 175
87 187
87 192
87 204
87 205
87 206
87 211
87 214
87 215
87 228
87 229
87 232
87 233
87 240
88 96
88 99
88 100
88 110
88 123
88 130
88 131
88 132
88 135
88 143
88 147
88 149
88 150
88 151
88 157
88 164
88 181
88 195
88 199
88 201
88 202
88 204
88 211
88 212
88 214
88 223
88 229
88 231
88 233
88 237
88 238
89 90
89 98
89 105
89 106
89 109
89 111
89 116
89 123
89 129
89 137
89 138
89 142
89 149
89 151
89 155
89 158
89 161
89 171
89 173
89 182
89 184
89 190
89 191
89 197
89 199
89 208
89 219
89 220
89 223
89 234
89 237
90 95
90 97
90 98
90 102
90 104
90 107
90 109
90 110
90 130
90 136
90 142
90 148
90 150
90 155
90 164
90 169
90 171
90 177
90 179
90 184
90 188
90 195
90 203
90 207
90 219
90 220
90 221
90 225
90 226
90 227
90 238
91 95
91 102
91 104
91 105
91 107
91 108
91 122
91 134
91 136
91 140
91 149
91 152
91 155
91 158
91 164
91 184
91 185
91 186
91 197
91 200
91 204
91 217
91 220
91 227
91 238
91 241
92 97
92 101
92 104
92 107
92 109
92 112
92 122
92 123
92 126
92 131
92 133
92 135
92 136
92 137
92 139
92 142
92 143
92 144
92 146
92 151
92 156
92 157
92 162
92 164
92 168
92 169
92 172
92 175
92 177
92 188
92 190
92 193
92 194
92 196
92 200
92 206
92 207
92 209
92 214
92 225
92 230
92 232
92 241
93 95
93 99
93 105
93 119
93 122
93 134
93 136
93 139
93 149
93 152
93 154
93 155
93 157
93 158
93 163
93 169
93 175
93 178
93 182
93 183
93 190
93 212
93 219
93 221
93 222
93 223
93 228
93 233
93 234
93 237
94 95
94 103
94 119
94 122
94 129
94 130
94 135
94 136
94 143
94 148
94 149
94 150
94 153
94 156
94 159
94 166
94 167
94 173
94 178
94 181
94 189
94 190
94 192
94 196
94 200
94 216
94 217
94 218
94 220
94 221
94 233
94 235
94 240
94 241
95 101
95 110
95 129
95 134
95 139
95 153
95 159
95 162
95 168
95 169
95 172
95 174
95 177
95 182
95 185
95 189
95 191
95 193
95 194
95 199
95 201
95 202
95 214
95 220
95 224
95 226
95 231
95 234
96 99
96 101
96 111
96 118
96 122
96 125
96 126
96 139
96 155
96 157
96 158
96 163
96 168
96 170
96 174
96 177
96 182
96 188
96 205
96 214
96 216
96 223
96 224
96 228
96 233
97 102
97 107
97 133
97 135
97 147
97 151
97 156
97 171
97 173
97 180
97 190
97 199
97 200
97 209
97 212
97 215
97 219
97 225
97 226
97 230
97 238
98 100
98 102
98 109
98 110
98 111
98 114
98 115
98 116
98 119
98 123
98 126
98 128
98 129
98 130
98 134
98 138
98 139
98 143
98 146
98 148
98 152
98 158
98 163
98 168
98 170
98 175
98 197
98 203
98 210
98 221
98 222
98 225
98 227
98 230
98 232
98 235
98 236
99 103
99 107
99 110
99 123
99 127
99 129
99 134
99 142
99 143
99 144
99 151
99 161
99 164
99 168
99 171
99 192
99 201
99 202
99 212
99 214
99 215
99 218
99 221
99 238
99 239
100 119
100 130
100 133
100 147
100 160
100 171
100 177
100 181
100 190
100 191
100 202
100 213
100 227
100 233
100 234
100 235
101 102
101 108
101 115
101 118
101 121
101 122
101 123
101 129
101 141
101 148
101 152
101 153
101 154
101 156
101 165
101 166
101 176
101 188
101 191
101 204
101 212
101 213
101 224
101 229
101 231
101 237
101 238
102 108
102 109
102 114
102 119
102 127
102 131
102 136
102 138
102 139
102 143
102 148
102 150
102 157
102 158
102 160
102 161
102 166
102 170
102 172
102 173
102 174
102 177
102 181
102 183
102 184
102 185
102 186
102 188
102 189
102 192
102 196
102 198
102 202
102 207
102 208
102 209
102 216
102 223
102 235
102 239
103 104
103 115
103 121
103 124
103 133
103 138
103 139
103 140
103 151
103 153
103 158
103 159
103 162
103 163
103 164
103 169
103 174
103 182
103 185
103 188
103 191
103 197
103 199
103 203
103 208
103 209
103 211
103 212
103 217
103 220
103 227
103 230
103 231
103 236
103 237
103 239
103 240
104 110
104 120
104 123
104 124
104 131
104 141
104 150
104 151
104 156
104 163
104 166
104 170
104 171
104 178
104 180
104 183
104 185
104 190
104 203
104 205
104 209
104 223
104 229
104 234
104 236
104 239
105 106
105 110
105 118
105 123
105 126
105 127
105 131
105 133
105 144
105 150
105 155
105 165
105 174
105 177
105 179
105 180
105 181
105 182
105 184
105 185
105 190
105 194
105 198
105 199
105 205
105 210
105 212
105 219
105 228
105 238
106 108
106 116
106 125
106 131
106 132
106 134
106 139
106 147
106 148
106 152
106 161
106 162
106 168
106 178
106 181
106 184
106 185
106 195
106 202
106 207
106 212
106 217
106 220
106 223
106 227
106 234
107 112
107 114
107 123
107 139
107 141
107 142
107 149
107 168
107 178
107 181
107 185
107 186
107 190
107 193
107 204
107 207
107 209
107 219
107 222
107 229
107 232
108 109
108 110
108 113
108 117
108 123
108 125
108 127
108 130
108 144
108 147
108 153
108 155
108 156
108 159
108 161
108 171
108 172
108 175
108 178
108 181
108 182
108 193
108 196
108 199
108 200
108 201
108 204
108 205
108 218
108 222
108 225
108 226
108 232
108 235
108 236
108 237
109 115
109 119
109 126
109 127
109 128
109 129
109 131
109 132
109 136
109 138
109 140
109 148
109 151
109 153
109 157
109 163
109 172
109 177
109 181
109 183
109 197
109 205
109 208
109 216
109 218
109 219
109 227
109 233
109 235
109 236
110 114
110 119
110 121
110 125
110 128
110 133
110 138
110 140
110 147
110 148
110 152
110 156
110 157
110 163
110 170
110 171
110 209
110 212
110 220
110 227
110 232
110 237
111 118
111 119
111 124
111 126
111 142
111 143
111 147
111 151
111 157
111 160
111 165
111 171
111 172
111 179
111 186
111 194
111 196
111 197
111 198
111 200
111 203
111 217
111 223
111 227
111 231
111 236
112 113
112 125
112 141
112 143
112 145
112 151
112 152
112 156
112 159
112 162
112 166
112 169
112 189
112 200
112 201
112 208
112 209
112 212
112 215
112 217
112 220
112 224
112 230
112 235
112 236
112 240
113 116
113 126
113 129
113 141
113 143
113 145
113 150
113 154
113 156
113 161
113 162
113 169
113 170
113 180
113 191
113 196
113 198
113 199
113 201
113 203
113 206
113 211
113 218
113 220
113 222
113 224
113 225
113 228
113 231
113 236
113 240
114 116
114 118
114 122
114 126
114 129
114 132
114 135
114 136
114 142
114 149
114 156
114 159
114 162
114 168
114 170
114 171
114 173
114 176
114 178
114 184
114 193
114 198
114 199
114 218
114 227
115 118
115 122
115 128
115 130
115 135
115 136
115 153
115 155
115 157
115 164
115 170
115 173
115 178
115 181
115 187
115 189
115 191
115 195
115 198
115 200
115 205
115 207
115 210
115 219
115 227
115 230
115 234
115 237
116 126
116 134
116 135
116 140
116 143
116 145
116 151
116 163
116 164
116 169
116 171
116 177
116 194
116 196
116 199
116 201
116 202
116 212
116 235
117 125
117 127
117 130
117 133
117 135
117 138
117 140
117 146
117 147
117 160
117 161
117 168
117 171
117 176
117 178
117 196
117 197
117 198
117 229
117 230
117 234
118 120
118 125
118 132
118 133
118 135
118 136
118 142
118 144
118 152
118 154
118 159
118 160
118 163
118 166
118 170
118 172
118 174
118 177
118 185
118 197
118 200
118 212
118 215
118 222
118 225
118 230
118 238
118 240
119 122
119 129
119 135
119 143
119 144
119 154
119 159
119 160
119 165
119 172
119 176
119 180
119 181
119 184
119 191
119 194
119 205
119 229
119 233
119 241
120 122
120 130
120 131
120 133
120 138
120 153
120 156
120 159
120 160
120 161
120 165
120 180
120 185
120 187
120 190
120 191
120 195
120 196
120 202
120 203
120 205
120 208
120 209
120 211
120 232
120 236
120 238
121 126
121 131
121 135
121 148
121 150
121 154
121 157
121 164
121 172
121 176
121 181
121 182
121 183
121 184
121 188
121 196
121 199
121 208
121 217
121 222
121 223
121 224
121 225
121 227
121 232
121 235
121 238
122 123
122 124
122 127
122 131
122 134
122 141
122 158
122 159
122 162
122 165
122 170
122 188
122 190
122 208
122 213
122 215
122 217
122 219
122 237
123 124
123 127
123 139
123 141
123 150
123 161
123 162
123 163
123 165
123 166
123 169
123 175
123 181
123 204
123 205
123 207
123 208
123 216
123 229
123 240
124 129
124 136
124 138
124 144
124 145
124 169
124 177
124 178
124 189
124 195
124 197
124 203
124 206
124 207
124 217
124 221
124 223
124 224
124 225
124 228
124 230
124 232
125 126
125 130
125 135
125 139
125 141
125 142
125 145
125 148
125 150
125 153
125 158
125 188
125 192
125 199
125 201
125 210
125 213
125 215
125 217
125 220
125 226
125 227
125 231
125 234
126 136
126 142
126 167
126 170
126 174
126 180
126 182
126 183
126 193
126 196
126 201
126 205
126 207
126 218
126 219
126 220
126 226
126 237
127 128
127 140
127 145
127 165
127 166
127 171
127 173
127 176
127 177
127 182
127 184
127 194
127 197
127 212
127 228
127 230
127 232
127 236
127 239
128 130
128 134
128 137
128 138
128 139
128 143
128 145
128 146
128 151
128 153
128 172
128 175
128 176
128 183
128 185
128 186
128 194
128 201
128 212
128 219
128 221
128 223
128 224
128 232
128 235
128 236
129 137
129 139
129 142
129 145
129 151
129 153
129 157
129 161
129 166
129 170
129 176
129 182
129 183
129 184
129 186
129 187
129 200
129 216
129 217
129 218
129 219
129 223
129 226
129 230
129 233
129 234
129 236
129 237
130 136
130 138
130 144
130 145
130 150
130 151
130 163
130 164
130 165
130 168
130 170
130 188
130 198
130 200
130 201
130 205
130 210
130 216
130 219
130 221
130 229
130 233
130 234
130 238
130 239
131 133
131 134
131 136
131 137
131 147
131 150
131 153
131 161
131 169
131 179
131 183
131 184
131 185
131 189
131 196
131 197
131 198
131 201
131 204
131 205
131 213
131 221
131 222
131 223
131 226
131 230
131 234
131 236
132 134
132 137
132 144
132 155
132 157
132 158
132 172
132 174
132 176
132 177
132 192
132 195
132 214
132 216
132 223
132 227
132 228
132 231
132 234
132 238
132 240
133 136
133 157
133 160
133 170
133 176
133 180
133 183
133 185
133 190
133 196
133 203
133 206
133 217
133 218
133 220
133 232
133 236
134 139
134 140
134 143
134 146
134 149
134 155
134 156
134 157
134 160
134 165
134 168
134 172
134 182
134 185
134 203
134 210
134 230
134 231
134 234
135 140
135 141
135 145
135 146
135 155
135 163
135 167
135 172
135 177
135 178
135 192
135 207
135 209
135 222
135 223
135 226
135 238
136 137
136 138
136 142
136 143
136 159
136 160
136 163
136 164
136 166
136 168
136 170
136 179
136 181
136 187
136 189
136 190
136 202
136 209
136 219
136 221
136 222
136 234
137 144
137 152
137 164
137 165
137 166
137 168
137 169
137 174
137 175
137 177
137 181
137 185
137 195
137 200
137 209
137 215
137 217
137 225
137 228
137 229
137 235
137 241
138 141
138 146
138 150
138 152
138 154
138 168
138 175
138 181
138 186
138 191
138 201
138 212
138 215
138 216
138 219
138 222
138 227
138 228
138 238
139 140
139 141
139 149
139 151
139 157
139 160
139 164
139 167
139 168
139 171
139 172
139 179
139 185
139 189
139 191
139 196
139 199
139 203
139 206
139 208
139 212
139 213
139 220
139 227
140 152
140 153
140 155
140 162
140 166
140 168
140 175
140 178
140 184
140 185
140 187
140 192
140 197
140 198
140 201
140 204
140 212
140 223
140 227
140 236
140 240
140 241
141 160
141 161
141 171
141 178
141 181
141 188
141 192
141 199
141 200
141 212
141 220
141 226
141 229
141 233
142 144
142 150
142 155
142 166
142 168
142 172
142 177
142 183
142 191
142 196
142 201
142 204
142 205
142 209
142 210
142 211
142 212
142 218
142 224
142 226
142 240
143 144
143 156
143 157
143 158
143 164
143 167
143 170
143 174
143 175
143 183
143 185
143 186
143 189
143 191
143 214
143 217
143 230
143 237
143 239
144 145
144 148
144 155
144 164
144 171
144 172
144 188
144 189
144 196
144 202
144 213
144 216
144 217
144 219
144 220
144 227
144 234
144 235
144 240
145 167
145 181
145 202
145 204
145 205
145 206
145 207
145 208
145 218
145 219
145 220
145 231
145 233
145 238
145 239
146 147
146 149
146 151
146 158
146 170
146 173
146 174
146 176
146 180
146 182
146 184
146 185
146 190
146 197
146 205
146 213
146 225
146 226
146 239
147 151
147 155
147 161
147 164
147 168
147 185
147 192
147 202
147 210
147 213
147 219
147 221
147 225
147 235
147 236
147 240
147 241
148 165
148 167
148 168
148 169
148 171
148 172
148 176
148 179
148 190
148 197
148 200
148 215
148 217
148 232
148 233
148 241
149 151
149 154
149 156
149 158
149 161
149 166
149 179
149 184
149 190
149 199
149 200
149 205
149 211
149 219
149 221
149 224
149 226
149 232
149 241
150 151
150 157
150 160
150 169
150 173
150 180
150 181
150 187
150 201
150 202
150 203
150 208
150 209
150 217
150 222
150 229
150 236
151 152
151 155
151 157
151 162
151 169
151 170
151 171
151 175
151 184
151 189
151 190
151 192
151 194
151 197
151 222
151 225
151 228
151 238
151 239
152 166
152 173
152 180
152 181
152 184
152 202
152 209
152 213
152 222
152 227
152 239
153 160
153 162
153 166
153 167
153 173
153 177
153 179
153 181
153 188
153 190
153 192
153 193
153 198
153 202
153 203
153 206
153 207
153 213
153 216
153 217
153 223
153 224
153 227
153 231
153 233
153 234
153 241
154 155
154 156
154 160
154 167
154 174
154 178
154 194
154 196
154 198
154 203
154 205
154 209
154 213
154 214
154 219
154 220
154 223
154 225
154 231
154 233
154 234
154 241
155 156
155 167
155 182
155 183
155 185
155 189
155 200
155 201
155 203
155 209
155 210
155 211
155 214
155 221
155 222
155 233
155 237
156 160
156 161
156 162
156 174
156 181
156 184
156 186
156 192
156 204
156 208
156 212
156 228
156 231
156 232
156 234
156 235
156 238
157 170
157 172
157 173
157 178
157 190
157 199
157 200
157 221
157 230
157 235
157 241
158 161
158 168
158 170
158 174
158 187
158 189
158 190
158 195
158 199
158 200
158 204
158 213
158 220
158 232
158 238
159 176
159 181
159 186
159 192
159 197
159 198
159 200
159 203
159 215
159 219
159 221
159 230
159 232
159 238
160 162
160 169
160 174
160 175
160 179
160 184
160 186
160 196
160 198
160 204
160 210
160 211
160 214
160 215
160 216
160 220
160 222
160 237
161 162
161 170
161 174
161 176
161 181
161 203
161 209
161 216
161 218
161 220
161 227
161 230
161 233
162 166
162 184
162 186
162 193
162 194
162 211
162 218
162 221
162 238
162 241
163 173
163 174
163 177
163 180
163 182
163 186
163 190
163 191
163 192
163 198
163 206
163 211
163 212
163 214
163 217
163 219
163 220
163 224
163 233
163 238
163 241
164 167
164 175
164 199
164 204
164 211
164 214
164 223
164 224
164 229
164 235
164 241
165 170
165 186
165 191
165 192
165 201
165 214
165 235
165 236
166 174
166 175
166 181
166 184
166 186
166 188
166 190
166 194
166 195
166 203
166 208
166 212
166 218
166 233
166 237
167 171
167 182
167 183
167 185
167 192
167 193
167 195
167 196
167 197
167 201
167 206
167 209
167 211
167 219
167 221
167 226
167 228
168 182
168 185
168 187
168 190
168 199
168 214
168 222
168 226
168 227
168 234
168 237
168 238
169 170
169 171
169 180
169 181
169 184
169 185
169 187
169 192
169 195
169 197
169 199
169 203
169 208
169 211
169 214
169 215
169 216
169 222
169 226
169 231
169 232
169 241
170 180
170 184
170 186
170 192
170 197
170 201
170 203
170 212
170 213
170 214
170 218
170 227
170 228
170 230
170 231
170 241
171 172
171 176
171 180
171 191
171 195
171 199
171 201
171 205
171 221
171 222
171 224
171 225
171 230
171 236
172 176
172 180
172 182
172 185
172 190
172 192
172 193
172 200
172 206
172 216
172 217
172 231
172 234
172 236
173 178
173 181
173 182
173 187
173 188
173 191
173 196
173 204
173 206
173 209
173 213
173 217
173 219
173 224
173 239
173 240
173 241
174 177
174 187
174 196
174 203
174 210
174 221
174 223
174 226
174 230
175 178
175 189
175 197
175 202
175 205
175 207
175 209
175 219
175 221
175 226
175 230
175 236
175 239
176 178
176 183
176 185
176 189
176 190
176 194
176 199
176 211
176 213
176 216
176 233
177 183
177 197
177 199
177 202
177 209
177 213
177 222
177 224
177 231
177 232
177 235
177 238
177 239
178 181
178 183
178 186
178 199
178 209
178 210
178 211
178 221
178 228
178 230
178 240
179 180
179 181
179 186
179 194
179 208
179 212
179 223
179 224
179 225
179 236
180 182
180 187
180 203
180 204
180 214
180 218
180 224
180 229
180 230
180 241
181 185
181 199
181 202
181 205
181 206
181 210
181 211
181 212
181 227
181 238
182 184
182 196
182 200
182 202
182 218
182 220
182 225
182 226
182 227
182 232
182 237
182 238
182 239
182 240
183 187
183 190
183 197
183 201
183 202
183 209
183 210
183 213
183 217
183 218
183 219
183 225
183 227
183 231
183 241
184 186
184 189
184 194
184 217
184 220
185 186
185 196
185 203
185 204
185 205
185 206
185 208
185 213
185 216
185 223
185 228
185 229
185 235
185 237
186 190
186 200
186 216
186 219
186 221
186 222
186 225
186 226
186 234
186 235
186 237
186 239
187 195
187 203
187 205
187 212
187 215
187 216
187 221
187 227
187 231
187 236
187 237
187 240
188 190
188 199
188 204
188 206
188 207
188 208
188 210
188 214
188 227
188 229
188 238
188 241
189 213
189 217
189 226
189 232
189 233
189 237
190 199
190 202
190 212
190 214
190 217
190 221
190 222
190 233
190 236
190 239
191 192
191 194
191 201
191 206
191 212
191 219
191 225
191 228
191 232
191 233
192 200
192 204
192 219
193 197
193 200
193 202
193 209
193 213
193 222
193 227
193 232
193 234
194 208
194 211
194 213
194 222
194 224
194 228
195 197
195 203
195 206
195 212
195 213
195 216
195 225
195 228
195 233
195 235
196 201
196 205
196 207
196 227
196 230
196 231
196 235
196 239
197 202
197 216
197 222
198 205
198 206
198 210
198 212
198 214
198 218
198 224
198 229
198 230
198 241
199 203
199 204
199 208
199 221
199 228
199 229
199 230
199 239
199 241
200 211
200 216
200 220
200 226
200 231
200 235
200 236
200 237
200 240
201 212
201 221
201 222
201 223
201 225
201 227
201 231
201 232
201 235
202 209
202 216
202 221
202 223
202 235
202 237
203 209
203 210
203 214
203 215
203 219
203 229
203 232
204 210
204 211
204 215
204 233
204 240
205 206
205 210
205 221
205 222
205 230
205 234
205 235
206 207
206 208
206 209
206 210
206 211
206 212
206 230
206 233
206 235
207 216
207 222
207 225
207 226
207 228
208 209
208 217
209 214
209 222
209 223
209 227
209 228
210 212
210 229
210 239
211 213
211 217
211 220
211 223
211 230
211 238
211 239
212 215
212 218
212 220
212 221
212 223
212 228
213 217
213 218
213 227
213 238
214 237
214 239
215 226
215 231
215 233
215 234
216 221
216 223
216 226
216 240
216 241
217 221
217 225
217 226
217 231
217 233
217 238
217 240
217 241
218 219
218 222
218 230
218 237
218 238
218 239
219 222
219 224
219 225
219 228
219 229
219 232
219 236
220 221
220 223
220 227
220 230
220 232
220 234
220 235
220 236
221 228
221 229
221 231
221 234
221 239
221 241
222 225
222 234
222 235
222 236
222 237
222 238
223 228
223 231
223 232
223 234
223 236
223 238
224 229
224 235
224 237
225 229
225 232
225 241
226 229
226 235
226 236
226 237
226 241
227 230
227 234
227 236
227 239
228 235
228 236
228 237
229 231
229 232
229 236
229 237
230 234
230 236
230 240
232 233
233 237
234 237
235 238
235 239
235 241
236 237
236 241
240 241
