300 9105
0 5
0 6
0 11
0 13
0 14
0 28
0 30
0 31
0 32
0 33
0 43
0 45
0 56
0 60
0 68
0 72
0 76
0 84
0 93
0 94
0 96
0 97
0 101
0 107
0 109
0 113
0 128
0 144
0 152
0 158
0 163
0 170
0 189
0 192
0 195
0 198
0 206
0 207
0 212
0 213
0 217
0 219
0 220
0 221
0 222
0 223
0 227
0 232
0 243
0 250
0 254
0 255
0 257
0 271
0 274
0 275
0 281
0 282
0 293
1 24
1 31
1 35
1 37
1 38
1 40
1 45
1 50
1 52
1 74
1 77
1 82
1 85
1 87
1 92
1 102
1 108
1 109
1 114
1 116
1 120
1 132
1 136
1 159
1 168
1 173
1 175
1 186
1 188
1 193
1 198
1 199
1 206
1 209
1 210
1 218
1 219
1 225
1 226
1 233
1 237
1 243
1 250
1 257
1 260
1 265
1 267
1 271
1 286
1 295
1 299
2 4
2 9
2 12
2 13
2 15
2 27
2 32
2 37
2 38
2 40
2 42
2 44
2 50
2 61
2 64
2 72
2 86
2 97
2 109
2 110
2 111
2 112
2 121
2 122
2 135
2 136
2 137
2 138
2 140
2 141
2 144
2 148
2 150
2 159
2 170
2 172
2 178
2 188
2 191
2 194
2 199
2 200
2 202
2 205
2 217
2 221
2 223
2 231
2 237
2 241
2 243
2 244
2 246
2 257
2 261
2 262
2 266
2 268
2 269
2 271
2 281
2 283
2 284
2 287
3 8
3 9
3 14
3 17
3 21
3 30
3 33
3 34
3 39
3 40
3 51
3 60
3 64
3 74
3 83
3 87
3 90
3 94
3 97
3 103
3 111
3 113
3 115
3 126
3 128
3 133
3 135
3 155
3 156
3 159
3 162
3 164
3 165
3 169
3 194
3 196
3 198
3 206
3 207
3 213
3 214
3 215
3 224
3 230
3 237
3 239
3 256
3 259
3 260
3 261
3 268
3 270
3 293
3 295
3 298
3 299
4 12
4 16
4 22
4 27
4 33
4 36
4 48
4 54
4 67
4 70
4 71
4 72
4 80
4 81
4 84
4 85
4 87
4 90
4 97
4 99
4 100
4 103
4 106
4 107
4 114
4 115
4 117
4 119
4 120
4 127
4 128
4 130
4 131
4 139
4 142
4 144
4 151
4 152
4 160
4 177
4 178
4 180
4 191
4 193
4 197
4 203
4 206
4 208
4 211
4 227
4 237
4 242
4 243
4 258
4 261
4 266
4 269
4 276
4 280
4 286
4 287
5 6
5 11
5 21
5 22
5 23
5 34
5 35
5 37
5 56
5 57
5 59
5 61
5 65
5 68
5 75
5 78
5 80
5 87
5 97
5 104
5 112
5 117
5 129
5 131
5 147
5 155
5 172
5 173
5 175
5 176
5 183
5 185
5 187
5 190
5 196
5 211
5 214
5 220
5 224
5 233
5 235
5 244
5 253
5 254
5 262
5 264
5 276
5 278
5 283
5 289
5 290
5 294
6 24
6 28
6 30
6 31
6 34
6 49
6 58
6 60
6 68
6 87
6 90
6 93
6 94
6 101
6 107
6 114
6 121
6 128
6 130
6 134
6 152
6 156
6 158
6 162
6 164
6 173
6 179
6 184
6 193
6 194
6 195
6 208
6 210
6 212
6 213
6 215
6 216
6 223
6 224
6 227
6 231
6 234
6 245
6 249
6 251
6 252
6 262
6 272
6 281
6 285
7 15
7 30
7 34
7 35
7 38
7 40
7 41
7 47
7 51
7 57
7 65
7 69
7 71
7 72
7 75
7 76
7 86
7 93
7 96
7 97
7 98
7 106
7 110
7 114
7 116
7 120
7 128
7 130
7 132
7 134
7 137
7 138
7 140
7 145
7 146
7 152
7 163
7 174
7 179
7 182
7 189
7 193
7 195
7 196
7 198
7 208
7 209
7 212
7 213
7 214
7 216
7 222
7 236
7 241
7 242
7 265
7 272
7 273
7 276
7 279
7 292
7 299
8 10
8 19
8 27
8 37
8 43
8 44
8 55
8 56
8 63
8 64
8 76
8 83
8 84
8 89
8 94
8 97
8 115
8 116
8 120
8 125
8 131
8 132
8 133
8 139
8 140
8 144
8 147
8 149
8 155
8 161
8 169
8 177
8 180
8 193
8 202
8 203
8 210
8 219
8 238
8 245
8 247
8 254
8 256
8 259
8 267
8 269
8 271
8 276
8 279
8 283
8 297
9 10
9 14
9 31
9 33
9 34
9 36
9 39
9 40
9 43
9 50
9 54
9 56
9 64
9 73
9 75
9 79
9 90
9 101
9 102
9 107
9 108
9 109
9 110
9 111
9 112
9 115
9 117
9 119
9 120
9 122
9 126
9 130
9 132
9 137
9 140
9 142
9 145
9 157
9 162
9 165
9 166
9 168
9 176
9 178
9 188
9 193
9 194
9 195
9 196
9 200
9 203
9 214
9 219
9 235
9 246
9 249
9 251
9 252
9 257
9 261
9 263
9 270
9 273
9 278
9 289
9 292
9 295
9 297
10 22
10 28
10 35
10 40
10 42
10 48
10 53
10 57
10 64
10 76
10 85
10 86
10 91
10 93
10 103
10 109
10 112
10 115
10 117
10 118
10 121
10 126
10 129
10 130
10 140
10 141
10 142
10 149
10 150
10 152
10 154
10 155
10 164
10 168
10 175
10 177
10 178
10 179
10 182
10 184
10 185
10 186
10 193
10 206
10 209
10 212
10 216
10 223
10 228
10 235
10 240
10 242
10 243
10 262
10 264
10 265
10 269
10 272
10 276
10 281
10 283
10 284
10 288
10 292
10 295
11 20
11 28
11 32
11 36
11 42
11 43
11 49
11 52
11 55
11 57
11 61
11 63
11 65
11 68
11 74
11 78
11 79
11 80
11 97
11 99
11 111
11 112
11 115
11 121
11 122
11 145
11 148
11 152
11 155
11 169
11 170
11 172
11 178
11 180
11 196
11 199
11 208
11 213
11 216
11 217
11 218
11 225
11 229
11 238
11 240
11 248
11 260
11 271
11 278
11 284
11 285
11 287
11 293
11 298
12 24
12 36
12 38
12 40
12 41
12 45
12 46
12 47
12 50
12 53
12 63
12 64
12 65
12 66
12 68
12 71
12 82
12 90
12 91
12 96
12 98
12 100
12 104
12 121
12 122
12 127
12 138
12 148
12 150
12 156
12 157
12 159
12 163
12 166
12 168
12 173
12 174
12 175
12 178
12 179
12 181
12 206
12 213
12 216
12 222
12 229
12 234
12 235
12 239
12 242
12 243
12 246
12 257
12 261
12 262
12 265
12 271
12 272
12 273
12 278
12 286
12 287
12 288
12 289
12 291
13 18
13 21
13 32
13 34
13 36
13 38
13 41
13 54
13 55
13 61
13 62
13 64
13 68
13 77
13 78
13 80
13 86
13 95
13 98
13 111
13 119
13 122
13 123
13 125
13 132
13 141
13 145
13 147
13 149
13 152
13 163
13 167
13 173
13 188
13 189
13 194
13 195
13 201
13 221
13 228
13 230
13 231
13 237
13 240
13 246
13 250
13 251
13 255
13 256
13 264
13 273
13 277
13 279
13 281
13 293
13 299
14 28
14 35
14 43
14 49
14 53
14 54
14 57
14 59
14 64
14 65
14 69
14 78
14 80
14 84
14 85
14 91
14 95
14 96
14 101
14 102
14 107
14 114
14 116
14 121
14 124
14 131
14 133
14 138
14 140
14 147
14 156
14 159
14 160
14 161
14 179
14 182
14 184
14 185
14 186
14 192
14 194
14 196
14 203
14 204
14 221
14 230
14 234
14 236
14 239
14 242
14 255
14 256
14 258
14 262
14 263
14 267
14 268
14 271
14 272
14 277
14 279
14 282
14 286
14 287
14 291
14 293
14 299
15 19
15 26
15 31
15 32
15 45
15 50
15 51
15 53
15 67
15 68
15 71
15 76
15 81
15 89
15 90
15 94
15 101
15 104
15 107
15 112
15 122
15 125
15 128
15 129
15 131
15 132
15 136
15 147
15 149
15 160
15 162
15 163
15 174
15 181
15 187
15 198
15 204
15 210
15 214
15 219
15 221
15 222
15 224
15 237
15 241
15 243
15 249
15 260
15 261
15 262
15 265
15 268
15 270
15 271
15 274
15 275
15 281
15 288
15 289
15 293
16 24
16 26
16 33
16 36
16 40
16 50
16 51
16 53
16 54
16 57
16 60
16 62
16 64
16 72
16 75
16 84
16 86
16 93
16 95
16 100
16 101
16 109
16 110
16 115
16 118
16 119
16 120
16 129
16 135
16 141
16 147
16 158
16 175
16 176
16 184
16 186
16 191
16 196
16 199
16 200
16 202
16 206
16 216
16 227
16 228
16 233
16 237
16 240
16 243
16 248
16 251
16 252
16 257
16 273
16 280
16 281
16 282
16 283
16 290
16 295
16 299
17 21
17 22
17 23
17 31
17 32
17 34
17 48
17 54
17 56
17 60
17 61
17 62
17 64
17 71
17 75
17 83
17 87
17 90
17 92
17 94
17 98
17 101
17 104
17 111
17 114
17 116
17 117
17 120
17 122
17 130
17 138
17 139
17 141
17 145
17 154
17 158
17 160
17 163
17 167
17 169
17 170
17 175
17 181
17 204
17 209
17 214
17 220
17 221
17 231
17 234
17 235
17 236
17 238
17 245
17 247
17 250
17 255
17 258
17 263
17 266
17 269
17 271
17 272
17 277
17 280
17 284
17 286
17 288
17 297
18 23
18 24
18 25
18 47
18 50
18 58
18 63
18 66
18 69
18 71
18 73
18 81
18 83
18 84
18 92
18 93
18 94
18 99
18 116
18 117
18 122
18 129
18 131
18 132
18 141
18 150
18 151
18 153
18 155
18 161
18 162
18 164
18 176
18 180
18 181
18 184
18 187
18 193
18 196
18 197
18 198
18 200
18 213
18 218
18 221
18 226
18 235
18 239
18 240
18 244
18 250
18 256
18 265
18 272
18 282
18 294
18 299
19 46
19 47
19 53
19 60
19 63
19 64
19 74
19 81
19 87
19 89
19 96
19 101
19 102
19 108
19 121
19 123
19 130
19 134
19 141
19 148
19 150
19 151
19 160
19 162
19 164
19 167
19 173
19 174
19 179
19 186
19 196
19 197
19 199
19 201
19 208
19 212
19 215
19 243
19 258
19 263
19 274
19 281
19 285
19 299
20 28
20 39
20 41
20 44
20 47
20 50
20 55
20 59
20 62
20 67
20 80
20 81
20 86
20 90
20 92
20 94
20 110
20 122
20 123
20 124
20 130
20 134
20 137
20 145
20 149
20 154
20 155
20 158
20 160
20 162
20 164
20 167
20 179
20 191
20 192
20 193
20 196
20 199
20 200
20 203
20 206
20 208
20 210
20 213
20 214
20 217
20 221
20 224
20 228
20 230
20 237
20 246
20 248
20 251
20 258
20 259
20 266
20 269
20 271
20 273
20 279
20 283
20 285
21 23
21 28
21 34
21 36
21 41
21 43
21 44
21 49
21 56
21 74
21 76
21 82
21 83
21 90
21 93
21 101
21 131
21 133
21 141
21 142
21 145
21 158
21 165
21 167
21 169
21 174
21 179
21 181
21 186
21 192
21 196
21 202
21 203
21 204
21 206
21 213
21 215
21 220
21 222
21 235
21 241
21 243
21 247
21 255
21 259
21 260
21 261
21 265
21 267
21 271
21 283
21 285
21 289
21 295
22 25
22 30
22 31
22 40
22 53
22 61
22 66
22 69
22 86
22 90
22 94
22 95
22 97
22 112
22 114
22 123
22 127
22 131
22 146
22 150
22 152
22 164
22 167
22 168
22 175
22 179
22 189
22 192
22 199
22 208
22 211
22 215
22 219
22 238
22 239
22 246
22 248
22 279
22 290
22 295
22 298
22 299
23 26
23 34
23 35
23 36
23 44
23 46
23 48
23 51
23 52
23 53
23 54
23 57
23 58
23 63
23 64
23 66
23 70
23 74
23 80
23 81
23 85
23 88
23 95
23 97
23 105
23 108
23 116
23 117
23 127
23 129
23 130
23 133
23 140
23 144
23 154
23 160
23 162
23 165
23 168
23 169
23 170
23 175
23 181
23 184
23 188
23 189
23 203
23 207
23 211
23 212
23 213
23 222
23 231
23 242
23 246
23 261
23 271
23 272
23 276
23 289
23 290
23 292
24 40
24 41
24 43
24 45
24 51
24 52
24 56
24 58
24 59
24 62
24 67
24 69
24 70
24 72
24 79
24 80
24 92
24 96
24 97
24 101
24 111
24 115
24 117
24 118
24 121
24 125
24 131
24 135
24 139
24 143
24 146
24 155
24 156
24 157
24 161
24 169
24 172
24 174
24 178
24 190
24 193
24 194
24 204
24 209
24 230
24 245
24 260
24 264
24 266
24 277
24 280
24 289
24 296
25 36
25 51
25 53
25 54
25 56
25 62
25 68
25 69
25 70
25 84
25 95
25 109
25 112
25 121
25 124
25 134
25 139
25 147
25 152
25 157
25 160
25 165
25 181
25 185
25 188
25 191
25 196
25 199
25 201
25 204
25 213
25 216
25 218
25 219
25 221
25 222
25 237
25 239
25 242
25 247
25 250
25 253
25 258
25 262
25 265
25 266
25 268
25 269
25 273
25 277
25 281
25 283
25 286
25 288
25 290
25 292
25 293
25 296
26 30
26 33
26 35
26 40
26 41
26 44
26 50
26 51
26 60
26 61
26 73
26 74
26 78
26 79
26 80
26 82
26 84
26 101
26 107
26 109
26 122
26 126
26 137
26 142
26 159
26 160
26 164
26 165
26 168
26 170
26 172
26 179
26 183
26 186
26 187
26 188
26 191
26 197
26 199
26 207
26 218
26 219
26 223
26 227
26 228
26 232
26 235
26 237
26 239
26 240
26 242
26 245
26 253
26 256
26 264
26 281
26 291
26 292
26 293
26 297
27 31
27 36
27 37
27 39
27 43
27 51
27 54
27 55
27 58
27 66
27 70
27 71
27 75
27 80
27 85
27 88
27 90
27 99
27 103
27 104
27 106
27 115
27 121
27 124
27 126
27 127
27 130
27 133
27 134
27 136
27 148
27 153
27 159
27 161
27 170
27 171
27 173
27 176
27 180
27 187
27 193
27 198
27 202
27 214
27 217
27 235
27 239
27 252
27 254
27 258
27 271
27 272
27 274
27 276
27 279
27 292
28 30
28 44
28 46
28 49
28 51
28 56
28 59
28 65
28 66
28 69
28 74
28 75
28 80
28 82
28 83
28 85
28 92
28 99
28 100
28 105
28 107
28 111
28 114
28 138
28 144
28 147
28 148
28 152
28 153
28 160
28 164
28 168
28 170
28 175
28 178
28 186
28 193
28 195
28 199
28 206
28 217
28 218
28 229
28 230
28 237
28 238
28 241
28 243
28 245
28 250
28 253
28 254
28 256
28 259
28 262
28 269
28 271
28 273
28 279
28 282
28 284
28 292
28 295
28 298
29 30
29 36
29 42
29 46
29 48
29 50
29 54
29 55
29 64
29 69
29 79
29 80
29 82
29 83
29 94
29 95
29 98
29 99
29 101
29 103
29 104
29 122
29 123
29 127
29 137
29 140
29 157
29 161
29 164
29 185
29 187
29 193
29 196
29 197
29 200
29 204
29 211
29 216
29 217
29 218
29 224
29 232
29 236
29 251
29 259
29 267
29 268
29 269
29 270
29 272
29 276
29 290
29 296
30 33
30 47
30 48
30 62
30 64
30 65
30 73
30 74
30 76
30 79
30 81
30 82
30 84
30 87
30 96
30 100
30 102
30 103
30 115
30 116
30 123
30 128
30 129
30 132
30 133
30 134
30 136
30 145
30 150
30 166
30 167
30 172
30 174
30 175
30 176
30 178
30 179
30 180
30 189
30 191
30 197
30 202
30 203
30 205
30 207
30 209
30 215
30 232
30 239
30 243
30 246
30 247
30 250
30 251
30 258
30 261
30 271
30 273
31 43
31 48
31 51
31 52
31 55
31 56
31 61
31 67
31 74
31 92
31 98
31 104
31 109
31 117
31 122
31 123
31 133
31 136
31 139
31 152
31 158
31 159
31 165
31 167
31 168
31 169
31 171
31 172
31 173
31 175
31 176
31 182
31 183
31 185
31 196
31 197
31 199
31 201
31 202
31 204
31 206
31 209
31 213
31 215
31 216
31 217
31 221
31 222
31 231
31 241
31 243
31 245
31 251
31 260
31 262
31 267
31 268
31 274
31 276
31 279
31 284
31 289
31 290
31 291
31 293
32 33
32 35
32 37
32 41
32 46
32 51
32 52
32 63
32 70
32 83
32 91
32 96
32 101
32 104
32 121
32 123
32 124
32 127
32 131
32 132
32 134
32 141
32 145
32 146
32 155
32 160
32 166
32 175
32 177
32 187
32 191
32 192
32 195
32 199
32 200
32 201
32 203
32 207
32 208
32 215
32 216
32 217
32 219
32 225
32 237
32 242
32 251
32 258
32 267
32 271
32 275
32 285
32 287
32 288
32 299
33 40
33 42
33 44
33 54
33 76
33 87
33 92
33 99
33 101
33 106
33 109
33 112
33 118
33 120
33 122
33 135
33 139
33 146
33 159
33 162
33 183
33 185
33 193
33 197
33 198
33 201
33 205
33 207
33 208
33 212
33 219
33 220
33 227
33 230
33 239
33 243
33 246
33 249
33 253
33 258
33 284
33 288
33 289
33 292
33 297
34 35
34 40
34 41
34 46
34 55
34 75
34 83
34 87
34 90
34 95
34 116
34 118
34 124
34 138
34 139
34 140
34 141
34 142
34 148
34 150
34 155
34 159
34 161
34 162
34 164
34 169
34 170
34 176
34 179
34 183
34 184
34 190
34 193
34 197
34 198
34 200
34 202
34 207
34 208
34 210
34 219
34 221
34 232
34 244
34 246
34 247
34 256
34 257
34 266
34 268
34 271
34 272
34 273
34 287
34 297
34 298
35 40
35 48
35 54
35 59
35 66
35 92
35 99
35 103
35 111
35 116
35 117
35 120
35 125
35 136
35 137
35 144
35 146
35 147
35 157
35 164
35 168
35 179
35 194
35 198
35 202
35 221
35 224
35 227
35 230
35 236
35 243
35 247
35 255
35 258
35 262
35 263
35 271
35 289
36 39
36 46
36 48
36 52
36 54
36 61
36 62
36 69
36 70
36 72
36 74
36 76
36 77
36 81
36 93
36 96
36 102
36 104
36 113
36 115
36 116
36 131
36 135
36 138
36 143
36 150
36 153
36 156
36 158
36 171
36 172
36 175
36 177
36 178
36 183
36 187
36 189
36 194
36 200
36 206
36 219
36 223
36 233
36 236
36 240
36 243
36 258
36 259
36 264
36 267
36 273
36 282
36 284
36 287
36 290
36 295
36 297
36 299
37 50
37 56
37 62
37 69
37 70
37 71
37 78
37 84
37 86
37 92
37 120
37 147
37 149
37 155
37 159
37 161
37 162
37 164
37 167
37 170
37 176
37 180
37 193
37 195
37 213
37 216
37 242
37 246
37 256
37 268
37 269
37 278
37 279
37 281
37 284
37 287
37 293
37 294
37 296
37 297
38 41
38 47
38 57
38 58
38 64
38 69
38 70
38 82
38 92
38 108
38 114
38 117
38 120
38 124
38 145
38 151
38 156
38 161
38 165
38 166
38 169
38 184
38 191
38 196
38 198
38 205
38 208
38 212
38 213
38 219
38 220
38 221
38 238
38 249
38 258
38 263
38 266
38 269
38 270
38 273
38 274
38 278
38 284
39 44
39 47
39 52
39 54
39 61
39 62
39 81
39 84
39 86
39 94
39 98
39 100
39 102
39 104
39 105
39 110
39 112
39 114
39 120
39 125
39 126
39 131
39 132
39 134
39 137
39 145
39 146
39 150
39 152
39 156
39 161
39 163
39 169
39 171
39 172
39 173
39 175
39 179
39 180
39 188
39 194
39 195
39 196
39 202
39 208
39 219
39 220
39 223
39 227
39 237
39 240
39 248
39 249
39 257
39 258
39 262
39 280
39 285
39 288
39 296
39 297
40 41
40 45
40 47
40 56
40 57
40 58
40 75
40 77
40 83
40 84
40 86
40 100
40 102
40 111
40 113
40 128
40 146
40 160
40 161
40 171
40 172
40 178
40 182
40 183
40 189
40 193
40 196
40 198
40 209
40 210
40 215
40 222
40 227
40 228
40 233
40 236
40 239
40 241
40 244
40 245
40 253
40 256
40 260
40 281
40 290
40 297
41 43
41 45
41 53
41 60
41 62
41 64
41 65
41 67
41 94
41 99
41 104
41 111
41 113
41 114
41 129
41 131
41 133
41 135
41 140
41 143
41 145
41 158
41 164
41 172
41 177
41 182
41 192
41 193
41 194
41 198
41 201
41 208
41 209
41 216
41 218
41 228
41 242
41 244
41 247
41 249
41 251
41 256
41 259
41 263
41 266
41 286
41 291
41 293
41 298
42 43
42 47
42 51
42 52
42 59
42 60
42 64
42 67
42 70
42 72
42 76
42 81
42 82
42 86
42 93
42 98
42 102
42 105
42 118
42 121
42 126
42 127
42 136
42 140
42 141
42 147
42 150
42 152
42 160
42 172
42 177
42 189
42 191
42 193
42 196
42 205
42 215
42 224
42 234
42 241
42 242
42 244
42 245
42 248
42 258
42 261
42 263
42 268
42 280
42 284
43 49
43 62
43 69
43 73
43 76
43 80
43 89
43 91
43 97
43 117
43 126
43 127
43 128
43 130
43 134
43 139
43 145
43 151
43 154
43 166
43 175
43 180
43 184
43 187
43 190
43 191
43 193
43 225
43 226
43 227
43 228
43 231
43 237
43 242
43 250
43 256
43 257
43 262
43 268
43 270
43 273
43 285
43 286
43 287
43 290
43 293
43 295
43 298
44 51
44 52
44 56
44 57
44 63
44 68
44 69
44 70
44 72
44 78
44 81
44 97
44 108
44 114
44 117
44 122
44 124
44 126
44 131
44 133
44 139
44 141
44 143
44 147
44 149
44 155
44 158
44 164
44 167
44 169
44 170
44 171
44 173
44 179
44 181
44 185
44 196
44 206
44 214
44 217
44 242
44 247
44 254
44 270
44 274
44 282
44 286
44 290
44 294
44 295
44 299
45 48
45 55
45 59
45 66
45 72
45 73
45 77
45 81
45 82
45 88
45 90
45 92
45 94
45 98
45 106
45 107
45 109
45 110
45 112
45 121
45 126
45 134
45 135
45 137
45 139
45 140
45 145
45 147
45 152
45 156
45 158
45 159
45 160
45 163
45 166
45 172
45 184
45 186
45 189
45 210
45 234
45 237
45 240
45 243
45 244
45 251
45 254
45 258
45 266
45 269
45 271
45 275
45 277
45 279
45 286
45 293
45 296
45 297
45 298
46 52
46 63
46 71
46 79
46 86
46 89
46 99
46 100
46 102
46 103
46 105
46 106
46 107
46 119
46 132
46 134
46 140
46 141
46 148
46 149
46 150
46 151
46 156
46 159
46 162
46 173
46 174
46 184
46 195
46 196
46 197
46 207
46 212
46 216
46 221
46 225
46 226
46 229
46 232
46 236
46 240
46 245
46 249
46 254
46 255
46 256
46 259
46 263
46 267
46 268
46 269
46 271
46 274
46 289
46 291
46 296
47 66
47 69
47 75
47 83
47 89
47 92
47 97
47 104
47 106
47 133
47 138
47 144
47 148
47 153
47 154
47 156
47 164
47 170
47 174
47 189
47 191
47 193
47 202
47 204
47 212
47 213
47 218
47 235
47 238
47 242
47 245
47 249
47 251
47 257
47 259
47 262
47 264
47 266
47 267
47 276
47 277
47 285
47 289
47 292
47 293
47 295
47 299
48 50
48 57
48 58
48 63
48 65
48 74
48 76
48 89
48 91
48 98
48 99
48 100
48 101
48 107
48 109
48 117
48 133
48 134
48 143
48 144
48 148
48 149
48 162
48 166
48 167
48 168
48 169
48 172
48 176
48 185
48 186
48 188
48 194
48 197
48 207
48 208
48 215
48 218
48 223
48 224
48 225
48 234
48 238
48 242
48 243
48 247
48 252
48 265
48 272
48 280
48 282
48 283
48 286
48 291
48 293
48 299
49 52
49 59
49 61
49 62
49 67
49 86
49 87
49 96
49 104
49 105
49 107
49 113
49 118
49 121
49 128
49 143
49 147
49 153
49 160
49 163
49 167
49 168
49 190
49 192
49 193
49 196
49 208
49 214
49 217
49 223
49 226
49 231
49 242
49 247
49 252
49 264
49 266
49 267
49 270
49 273
49 279
49 280
49 284
49 286
49 287
49 288
49 296
50 52
50 56
50 66
50 68
50 70
50 71
50 74
50 75
50 86
50 88
50 90
50 93
50 101
50 105
50 110
50 111
50 119
50 122
50 123
50 142
50 151
50 154
50 155
50 160
50 162
50 171
50 172
50 178
50 180
50 182
50 184
50 185
50 217
50 249
50 251
50 253
50 260
50 267
50 270
50 277
50 283
50 284
50 290
50 292
50 295
51 55
51 57
51 60
51 64
51 65
51 73
51 77
51 80
51 81
51 88
51 90
51 96
51 98
51 103
51 107
51 112
51 116
51 123
51 127
51 129
51 131
51 132
51 138
51 139
51 146
51 148
51 155
51 158
51 159
51 163
51 165
51 170
51 177
51 179
51 185
51 193
51 194
51 196
51 198
51 203
51 208
51 210
51 211
51 213
51 215
51 229
51 238
51 239
51 241
51 245
51 248
51 259
51 260
51 266
51 282
51 284
51 286
52 58
52 62
52 68
52 70
52 75
52 76
52 83
52 90
52 99
52 102
52 106
52 109
52 117
52 121
52 128
52 134
52 148
52 152
52 156
52 161
52 162
52 164
52 168
52 172
52 179
52 182
52 183
52 190
52 191
52 192
52 194
52 195
52 198
52 203
52 205
52 228
52 232
52 235
52 244
52 251
52 254
52 255
52 257
52 268
52 269
52 283
52 293
52 296
53 54
53 67
53 68
53 69
53 71
53 72
53 79
53 81
53 83
53 87
53 88
53 96
53 98
53 99
53 107
53 110
53 113
53 118
53 124
53 125
53 149
53 152
53 153
53 177
53 178
53 187
53 188
53 195
53 198
53 208
53 210
53 215
53 218
53 222
53 226
53 228
53 231
53 232
53 236
53 237
53 245
53 251
53 261
53 263
53 266
53 269
53 272
53 275
53 286
53 294
53 296
53 298
54 69
54 74
54 77
54 81
54 82
54 83
54 90
54 91
54 95
54 104
54 108
54 110
54 111
54 117
54 119
54 128
54 129
54 135
54 136
54 139
54 142
54 154
54 158
54 160
54 167
54 168
54 169
54 173
54 176
54 181
54 183
54 184
54 188
54 199
54 200
54 207
54 209
54 214
54 224
54 238
54 242
54 243
54 244
54 246
54 248
54 254
54 255
54 256
54 257
54 260
54 265
54 271
54 273
54 280
54 281
54 282
54 284
54 288
54 290
55 57
55 61
55 76
55 77
55 83
55 91
55 95
55 106
55 107
55 113
55 119
55 122
55 123
55 126
55 129
55 132
55 143
55 145
55 154
55 155
55 157
55 164
55 166
55 174
55 179
55 180
55 181
55 184
55 187
55 202
55 203
55 222
55 224
55 226
55 229
55 231
55 232
55 235
55 244
55 246
55 251
55 256
55 259
55 272
55 277
55 283
55 298
56 58
56 64
56 65
56 70
56 77
56 78
56 82
56 86
56 90
56 95
56 98
56 110
56 114
56 115
56 118
56 128
56 129
56 133
56 135
56 137
56 150
56 155
56 158
56 159
56 162
56 163
56 168
56 170
56 177
56 178
56 182
56 183
56 186
56 192
56 193
56 195
56 197
56 198
56 209
56 214
56 215
56 217
56 226
56 232
56 239
56 240
56 241
56 242
56 243
56 247
56 255
56 256
56 257
56 259
56 269
56 280
56 286
56 296
56 297
56 298
57 59
57 66
57 69
57 73
57 77
57 79
57 81
57 84
57 85
57 90
57 91
57 93
57 104
57 105
57 115
57 116
57 119
57 122
57 126
57 127
57 130
57 135
57 137
57 141
57 147
57 156
57 157
57 160
57 174
57 176
57 185
57 186
57 188
57 189
57 193
57 216
57 220
57 222
57 227
57 231
57 233
57 235
57 236
57 237
57 248
57 251
57 259
57 263
57 269
57 282
57 283
57 286
58 61
58 65
58 67
58 73
58 81
58 83
58 84
58 86
58 88
58 106
58 107
58 108
58 109
58 110
58 113
58 117
58 123
58 125
58 127
58 139
58 140
58 145
58 150
58 154
58 163
58 164
58 165
58 168
58 176
58 180
58 185
58 188
58 192
58 198
58 200
58 208
58 210
58 214
58 228
58 229
58 230
58 233
58 234
58 236
58 245
58 250
58 255
58 260
58 266
58 269
58 270
58 274
58 280
58 285
58 287
58 290
58 294
58 296
58 299
59 62
59 71
59 73
59 80
59 82
59 83
59 86
59 94
59 95
59 97
59 101
59 115
59 117
59 126
59 127
59 130
59 139
59 141
59 142
59 151
59 153
59 154
59 158
59 178
59 183
59 186
59 189
59 197
59 201
59 206
59 210
59 213
59 216
59 218
59 225
59 231
59 235
59 243
59 253
59 257
59 262
59 265
59 269
59 272
59 273
59 276
59 280
59 284
59 286
59 288
59 289
59 297
59 298
60 64
60 71
60 74
60 76
60 79
60 83
60 91
60 93
60 97
60 105
60 110
60 111
60 113
60 118
60 119
60 120
60 121
60 124
60 132
60 134
60 141
60 149
60 152
60 162
60 168
60 174
60 180
60 186
60 187
60 189
60 196
60 199
60 209
60 215
60 217
60 221
60 226
60 228
60 232
60 238
60 243
60 250
60 253
60 258
60 264
60 267
60 272
60 275
60 281
60 287
60 289
60 290
61 65
61 69
61 72
61 75
61 76
61 81
61 83
61 84
61 88
61 89
61 92
61 98
61 102
61 103
61 117
61 122
61 125
61 130
61 145
61 167
61 170
61 172
61 173
61 175
61 189
61 191
61 193
61 194
61 200
61 201
61 202
61 209
61 210
61 211
61 217
61 219
61 221
61 222
61 224
61 234
61 259
61 264
61 267
61 277
61 280
62 64
62 73
62 75
62 76
62 85
62 87
62 89
62 92
62 93
62 98
62 100
62 102
62 106
62 108
62 110
62 114
62 122
62 125
62 126
62 133
62 134
62 137
62 141
62 150
62 155
62 159
62 167
62 174
62 180
62 181
62 184
62 185
62 188
62 191
62 209
62 215
62 225
62 231
62 244
62 246
62 250
62 254
62 261
62 262
62 266
62 273
62 274
62 294
62 297
62 298
62 299
63 66
63 70
63 71
63 72
63 73
63 75
63 78
63 80
63 84
63 86
63 87
63 88
63 101
63 110
63 127
63 129
63 132
63 133
63 135
63 137
63 141
63 145
63 154
63 159
63 167
63 168
63 175
63 184
63 190
63 214
63 219
63 227
63 236
63 239
63 242
63 243
63 255
63 256
63 259
63 263
63 264
63 272
63 290
63 295
63 297
64 66
64 72
64 75
64 77
64 90
64 91
64 93
64 94
64 97
64 100
64 104
64 121
64 122
64 123
64 127
64 132
64 140
64 141
64 145
64 147
64 154
64 157
64 158
64 165
64 168
64 172
64 181
64 182
64 186
64 189
64 190
64 196
64 197
64 213
64 214
64 220
64 221
64 237
64 241
64 252
64 253
64 260
64 265
64 268
64 269
64 275
64 276
64 289
64 298
65 69
65 70
65 71
65 80
65 82
65 83
65 97
65 101
65 104
65 105
65 106
65 111
65 118
65 133
65 140
65 143
65 145
65 155
65 158
65 161
65 162
65 168
65 169
65 173
65 178
65 182
65 186
65 196
65 206
65 212
65 213
65 220
65 225
65 242
65 253
65 256
65 260
65 261
65 265
65 282
65 286
65 292
65 298
66 67
66 70
66 72
66 83
66 86
66 88
66 90
66 94
66 97
66 114
66 116
66 130
66 133
66 134
66 135
66 138
66 140
66 143
66 145
66 147
66 148
66 150
66 162
66 167
66 185
66 186
66 191
66 194
66 198
66 204
66 208
66 210
66 226
66 227
66 229
66 230
66 235
66 244
66 256
66 259
66 264
66 265
66 270
66 280
66 295
67 70
67 73
67 78
67 81
67 83
67 84
67 91
67 93
67 96
67 99
67 100
67 103
67 104
67 105
67 111
67 115
67 129
67 131
67 132
67 138
67 141
67 143
67 148
67 149
67 162
67 163
67 167
67 173
67 182
67 185
67 186
67 189
67 190
67 199
67 206
67 207
67 208
67 211
67 219
67 220
67 222
67 229
67 235
67 237
67 245
67 251
67 253
67 254
67 259
67 266
67 268
67 277
67 281
67 284
67 294
67 297
67 298
68 71
68 73
68 75
68 79
68 80
68 82
68 98
68 105
68 107
68 111
68 112
68 117
68 127
68 132
68 141
68 150
68 156
68 157
68 170
68 175
68 178
68 179
68 182
68 185
68 193
68 204
68 208
68 209
68 215
68 221
68 224
68 226
68 230
68 235
68 256
68 257
68 258
68 267
68 270
68 273
68 275
68 278
68 290
68 291
69 73
69 80
69 85
69 94
69 99
69 100
69 101
69 112
69 114
69 119
69 124
69 128
69 133
69 147
69 158
69 163
69 168
69 170
69 175
69 198
69 203
69 205
69 214
69 223
69 224
69 225
69 247
69 249
69 255
69 266
69 270
69 285
69 290
69 299
70 77
70 81
70 89
70 99
70 101
70 102
70 105
70 109
70 110
70 116
70 120
70 122
70 129
70 131
70 146
70 149
70 150
70 152
70 154
70 155
70 168
70 169
70 170
70 173
70 177
70 181
70 188
70 192
70 193
70 195
70 199
70 202
70 214
70 219
70 224
70 238
70 250
70 256
70 265
70 272
70 275
70 279
70 284
70 292
71 74
71 81
71 82
71 85
71 96
71 99
71 100
71 115
71 116
71 135
71 137
71 144
71 149
71 153
71 156
71 158
71 159
71 165
71 166
71 167
71 169
71 170
71 179
71 180
71 186
71 192
71 202
71 205
71 206
71 210
71 225
71 230
71 231
71 234
71 238
71 248
71 252
71 256
71 262
71 264
71 265
71 271
71 273
71 276
71 286
71 287
71 299
72 80
72 81
72 85
72 109
72 130
72 147
72 153
72 155
72 166
72 174
72 180
72 181
72 183
72 184
72 186
72 187
72 193
72 195
72 200
72 201
72 202
72 206
72 212
72 228
72 238
72 243
72 244
72 248
72 271
72 280
72 283
72 291
72 292
72 293
72 299
73 74
73 76
73 80
73 84
73 100
73 122
73 125
73 132
73 136
73 138
73 141
73 145
73 146
73 148
73 149
73 150
73 151
73 156
73 164
73 177
73 189
73 207
73 208
73 210
73 217
73 219
73 221
73 227
73 230
73 231
73 232
73 234
73 242
73 249
73 254
73 260
73 266
73 268
73 275
73 286
74 76
74 84
74 86
74 89
74 90
74 92
74 102
74 107
74 111
74 114
74 127
74 128
74 130
74 138
74 148
74 150
74 153
74 158
74 161
74 163
74 183
74 188
74 189
74 197
74 198
74 200
74 213
74 229
74 232
74 236
74 237
74 240
74 248
74 249
74 251
74 255
74 259
74 261
74 262
74 264
74 268
74 269
74 270
74 289
74 290
74 291
74 293
74 298
75 77
75 78
75 83
75 87
75 91
75 98
75 99
75 102
75 105
75 108
75 125
75 133
75 147
75 148
75 151
75 163
75 172
75 182
75 185
75 194
75 195
75 203
75 205
75 209
75 212
75 223
75 226
75 230
75 244
75 248
75 250
75 253
75 254
75 273
75 274
75 276
75 295
75 299
76 77
76 88
76 92
76 95
76 96
76 97
76 119
76 122
76 131
76 133
76 134
76 135
76 137
76 139
76 140
76 143
76 149
76 150
76 153
76 162
76 173
76 174
76 179
76 181
76 202
76 203
76 204
76 211
76 212
76 215
76 216
76 219
76 220
76 228
76 230
76 231
76 232
76 241
76 243
76 251
76 252
76 253
76 257
76 259
76 260
76 272
76 274
76 276
76 277
76 278
76 284
76 288
76 296
77 81
77 88
77 90
77 92
77 96
77 104
77 107
77 117
77 120
77 121
77 123
77 126
77 128
77 131
77 137
77 142
77 147
77 150
77 155
77 164
77 166
77 168
77 177
77 187
77 188
77 195
77 201
77 202
77 208
77 212
77 220
77 230
77 232
77 256
77 263
77 287
77 298
78 81
78 85
78 91
78 103
78 107
78 123
78 126
78 130
78 131
78 133
78 141
78 145
78 146
78 147
78 148
78 152
78 154
78 160
78 168
78 177
78 183
78 191
78 199
78 215
78 219
78 221
78 228
78 229
78 235
78 241
78 242
78 251
78 252
78 256
78 259
78 261
78 263
78 269
78 271
78 273
78 283
78 290
78 295
78 297
79 85
79 90
79 91
79 92
79 95
79 105
79 106
79 109
79 118
79 120
79 122
79 123
79 128
79 133
79 135
79 138
79 143
79 149
79 164
79 176
79 180
79 192
79 201
79 211
79 214
79 217
79 221
79 228
79 229
79 231
79 236
79 237
79 239
79 242
79 246
79 253
79 258
79 259
79 270
79 274
79 286
79 289
79 291
79 293
80 84
80 93
80 95
80 98
80 99
80 103
80 105
80 119
80 123
80 127
80 128
80 131
80 135
80 141
80 145
80 146
80 148
80 151
80 152
80 155
80 163
80 165
80 167
80 169
80 180
80 184
80 192
80 197
80 198
80 206
80 208
80 209
80 210
80 213
80 222
80 227
80 236
80 237
80 239
80 247
80 253
80 254
80 256
80 257
80 260
80 261
80 262
80 275
80 279
80 287
80 296
81 83
81 84
81 88
81 95
81 102
81 108
81 109
81 119
81 120
81 122
81 130
81 131
81 132
81 139
81 141
81 142
81 145
81 148
81 159
81 160
81 169
81 178
81 180
81 181
81 184
81 198
81 200
81 202
81 210
81 216
81 217
81 218
81 227
81 228
81 231
81 244
81 245
81 251
81 256
81 257
81 261
81 263
81 267
81 268
81 269
81 270
81 280
81 286
81 292
81 296
81 297
82 84
82 85
82 88
82 96
82 97
82 104
82 110
82 112
82 115
82 116
82 119
82 121
82 125
82 130
82 132
82 138
82 141
82 146
82 149
82 153
82 159
82 169
82 170
82 185
82 186
82 200
82 209
82 211
82 214
82 218
82 225
82 227
82 231
82 232
82 251
82 262
82 264
82 268
82 270
82 279
82 281
82 282
82 287
82 290
82 296
83 89
83 90
83 101
83 106
83 110
83 116
83 121
83 124
83 127
83 128
83 129
83 132
83 136
83 142
83 143
83 152
83 154
83 158
83 169
83 172
83 184
83 188
83 189
83 201
83 202
83 213
83 214
83 216
83 218
83 228
83 233
83 237
83 239
83 240
83 252
83 254
83 257
83 264
83 267
83 271
83 274
83 289
83 296
83 298
84 86
84 91
84 105
84 111
84 128
84 129
84 131
84 137
84 146
84 148
84 168
84 172
84 175
84 182
84 186
84 194
84 196
84 197
84 198
84 201
84 202
84 204
84 206
84 218
84 236
84 242
84 257
84 258
84 262
84 263
84 269
84 273
84 274
84 277
84 278
84 285
84 288
84 293
84 296
84 299
85 90
85 91
85 93
85 103
85 105
85 109
85 113
85 123
85 126
85 127
85 135
85 165
85 167
85 168
85 176
85 178
85 179
85 183
85 185
85 192
85 194
85 197
85 198
85 202
85 203
85 208
85 211
85 214
85 226
85 232
85 235
85 238
85 266
85 273
85 277
85 281
85 282
85 284
85 285
85 287
86 88
86 90
86 102
86 103
86 105
86 109
86 120
86 124
86 126
86 138
86 144
86 153
86 159
86 163
86 164
86 167
86 169
86 177
86 179
86 183
86 187
86 195
86 207
86 209
86 213
86 215
86 221
86 224
86 235
86 240
86 245
86 246
86 252
86 261
86 264
86 267
86 271
86 276
86 284
86 290
86 291
86 292
86 295
86 298
87 88
87 99
87 104
87 106
87 124
87 131
87 138
87 141
87 145
87 155
87 161
87 165
87 166
87 170
87 171
87 191
87 192
87 195
87 196
87 200
87 208
87 209
87 210
87 214
87 218
87 223
87 228
87 232
87 239
87 240
87 249
87 250
87 252
87 253
87 256
87 259
87 262
87 273
87 281
87 282
87 283
87 284
87 285
87 288
87 292
88 90
88 92
88 98
88 103
88 104
88 109
88 115
88 118
88 121
88 122
88 129
88 132
88 134
88 136
88 139
88 140
88 167
88 170
88 171
88 174
88 175
88 184
88 186
88 193
88 199
88 216
88 217
88 223
88 227
88 230
88 231
88 251
88 260
88 264
88 266
88 278
88 280
88 282
88 283
88 292
88 293
88 295
89 92
89 95
89 97
89 113
89 116
89 119
89 121
89 125
89 128
89 134
89 136
89 143
89 150
89 152
89 157
89 160
89 175
89 178
89 179
89 184
89 187
89 189
89 200
89 221
89 236
89 239
89 240
89 244
89 246
89 275
89 279
89 280
89 286
89 290
89 292
90 92
90 93
90 105
90 111
90 113
90 114
90 128
90 130
90 138
90 139
90 144
90 148
90 152
90 157
90 162
90 184
90 189
90 191
90 196
90 206
90 208
90 209
90 211
90 215
90 221
90 223
90 226
90 239
90 240
90 241
90 245
90 247
90 249
90 255
90 261
90 279
90 296
90 297
91 93
91 99
91 100
91 101
91 102
91 112
91 115
91 120
91 123
91 124
91 128
91 131
91 133
91 134
91 136
91 143
91 144
91 160
91 164
91 165
91 166
91 174
91 182
91 190
91 204
91 210
91 215
91 216
91 222
91 224
91 236
91 247
91 250
91 259
91 260
91 261
91 264
91 266
91 282
92 98
92 100
92 108
92 121
92 129
92 131
92 135
92 138
92 140
92 143
92 148
92 152
92 153
92 156
92 157
92 160
92 161
92 164
92 170
92 173
92 181
92 182
92 189
92 193
92 194
92 196
92 197
92 210
92 214
92 218
92 219
92 220
92 232
92 233
92 238
92 243
92 248
92 252
92 254
92 263
92 264
92 266
92 271
92 272
92 278
92 280
92 286
92 293
92 299
93 104
93 106
93 113
93 116
93 117
93 131
93 134
93 139
93 142
93 150
93 152
93 159
93 165
93 171
93 174
93 184
93 192
93 199
93 210
93 211
93 218
93 235
93 243
93 250
93 254
93 256
93 257
93 259
93 265
93 267
93 269
93 270
93 276
93 281
93 282
93 290
93 296
94 99
94 100
94 103
94 110
94 114
94 123
94 128
94 134
94 138
94 140
94 147
94 148
94 156
94 160
94 178
94 183
94 185
94 190
94 192
94 193
94 200
94 206
94 232
94 235
94 240
94 243
94 245
94 252
94 253
94 256
94 257
94 274
94 275
94 276
94 282
94 299
95 97
95 98
95 99
95 101
95 105
95 109
95 112
95 113
95 115
95 120
95 126
95 144
95 147
95 153
95 158
95 160
95 171
95 175
95 184
95 185
95 189
95 191
95 193
95 196
95 201
95 204
95 211
95 217
95 219
95 223
95 225
95 239
95 247
95 249
95 251
95 256
95 279
95 281
95 283
95 284
95 288
96 99
96 114
96 123
96 124
96 132
96 135
96 137
96 141
96 146
96 158
96 163
96 167
96 168
96 169
96 170
96 175
96 186
96 187
96 188
96 191
96 192
96 193
96 194
96 195
96 198
96 203
96 205
96 208
96 231
96 240
96 245
96 249
96 250
96 254
96 255
96 269
96 276
96 278
96 281
96 287
96 290
96 291
96 294
96 298
97 103
97 110
97 112
97 119
97 124
97 126
97 146
97 149
97 150
97 154
97 164
97 177
97 191
97 195
97 196
97 202
97 210
97 213
97 214
97 225
97 244
97 251
97 255
97 256
97 257
97 265
97 268
97 270
97 272
97 275
97 286
97 291
97 298
98 105
98 106
98 114
98 116
98 118
98 122
98 123
98 127
98 135
98 146
98 147
98 148
98 153
98 155
98 156
98 158
98 164
98 171
98 172
98 177
98 182
98 183
98 186
98 190
98 194
98 196
98 197
98 203
98 215
98 218
98 224
98 230
98 238
98 242
98 256
98 267
98 273
98 276
98 279
98 280
98 289
98 290
99 121
99 136
99 144
99 147
99 151
99 152
99 153
99 154
99 156
99 166
99 168
99 178
99 180
99 184
99 186
99 187
99 193
99 198
99 205
99 212
99 221
99 227
99 231
99 241
99 244
99 250
99 257
99 268
99 277
99 278
99 295
99 297
99 298
100 102
100 107
100 108
100 111
100 113
100 115
100 125
100 146
100 148
100 149
100 151
100 154
100 159
100 160
100 165
100 171
100 173
100 176
100 184
100 194
100 196
100 199
100 200
100 207
100 211
100 216
100 231
100 238
100 258
100 261
100 263
100 267
100 285
100 299
101 108
101 114
101 117
101 119
101 134
101 135
101 138
101 144
101 156
101 159
101 160
101 161
101 165
101 169
101 176
101 182
101 183
101 194
101 203
101 205
101 206
101 207
101 220
101 222
101 227
101 230
101 232
101 235
101 237
101 241
101 248
101 264
101 268
101 277
101 293
101 297
102 105
102 107
102 111
102 118
102 120
102 128
102 132
102 135
102 138
102 140
102 141
102 144
102 147
102 150
102 153
102 162
102 163
102 170
102 173
102 177
102 178
102 184
102 195
102 197
102 205
102 209
102 210
102 219
102 221
102 235
102 238
102 241
102 247
102 249
102 260
102 265
102 271
102 285
102 288
102 292
102 297
102 299
103 106
103 111
103 118
103 124
103 132
103 141
103 144
103 146
103 157
103 168
103 171
103 172
103 178
103 181
103 184
103 186
103 191
103 193
103 195
103 206
103 210
103 212
103 216
103 222
103 230
103 231
103 232
103 235
103 237
103 250
103 252
103 255
103 257
103 264
103 267
103 268
103 272
103 277
103 282
103 284
103 296
104 107
104 109
104 115
104 120
104 124
104 136
104 138
104 142
104 143
104 145
104 148
104 167
104 169
104 177
104 179
104 180
104 182
104 185
104 193
104 195
104 207
104 210
104 218
104 224
104 228
104 233
104 242
104 243
104 246
104 249
104 252
104 260
104 263
104 265
104 270
104 271
104 272
104 273
104 275
104 276
104 278
104 283
104 285
104 286
104 296
104 298
105 114
105 123
105 127
105 128
105 129
105 132
105 138
105 141
105 145
105 149
105 155
105 156
105 158
105 161
105 165
105 175
105 181
105 184
105 197
105 201
105 204
105 213
105 216
105 222
105 223
105 228
105 235
105 237
105 240
105 256
105 260
105 264
105 265
105 268
105 271
105 275
105 278
105 281
105 282
105 285
105 295
106 107
106 110
106 114
106 127
106 134
106 141
106 142
106 143
106 147
106 151
106 156
106 163
106 166
106 171
106 189
106 198
106 202
106 203
106 209
106 212
106 222
106 224
106 232
106 240
106 241
106 246
106 254
106 258
106 261
106 270
106 276
106 280
106 284
106 288
106 291
106 293
106 294
107 109
107 111
107 112
107 127
107 131
107 132
107 137
107 138
107 150
107 152
107 154
107 156
107 162
107 164
107 171
107 174
107 175
107 177
107 180
107 181
107 184
107 189
107 193
107 194
107 209
107 216
107 217
107 219
107 231
107 236
107 239
107 246
107 247
107 262
107 282
107 290
107 294
107 296
108 111
108 113
108 115
108 117
108 123
108 130
108 134
108 142
108 159
108 168
108 176
108 177
108 184
108 185
108 190
108 195
108 201
108 202
108 207
108 208
108 209
108 213
108 221
108 225
108 234
108 250
108 258
108 260
108 267
108 270
108 274
108 278
108 286
108 293
108 294
109 117
109 118
109 135
109 142
109 143
109 145
109 151
109 152
109 153
109 164
109 171
109 173
109 181
109 184
109 185
109 186
109 187
109 190
109 193
109 195
109 209
109 214
109 217
109 227
109 228
109 248
109 256
109 259
109 263
109 265
109 276
109 284
109 292
109 293
109 295
109 299
110 112
110 114
110 115
110 116
110 128
110 129
110 132
110 138
110 146
110 151
110 158
110 162
110 172
110 177
110 184
110 185
110 198
110 203
110 211
110 215
110 218
110 220
110 225
110 228
110 233
110 235
110 237
110 241
110 247
110 254
110 256
110 268
110 274
110 289
110 296
110 299
111 120
111 121
111 122
111 124
111 125
111 134
111 144
111 148
111 154
111 156
111 158
111 160
111 164
111 183
111 184
111 195
111 199
111 201
111 202
111 209
111 219
111 220
111 230
111 232
111 234
111 239
111 254
111 256
111 262
111 264
111 267
111 271
111 272
111 277
111 284
111 285
111 289
111 293
111 294
111 296
111 297
112 114
112 119
112 129
112 131
112 140
112 143
112 144
112 146
112 154
112 158
112 172
112 192
112 193
112 195
112 197
112 202
112 214
112 222
112 233
112 236
112 237
112 241
112 246
112 249
112 253
112 254
112 255
112 256
112 259
112 261
112 264
112 269
112 270
112 275
112 277
112 290
112 292
112 299
113 114
113 119
113 122
113 128
113 133
113 137
113 139
113 146
113 150
113 152
113 155
113 156
113 160
113 165
113 169
113 173
113 174
113 178
113 179
113 183
113 192
113 193
113 200
113 202
113 208
113 221
113 226
113 229
113 230
113 231
113 234
113 237
113 240
113 243
113 255
113 257
113 258
113 266
113 267
113 274
113 286
113 294
113 295
114 123
114 124
114 127
114 130
114 132
114 139
114 140
114 143
114 148
114 150
114 156
114 166
114 173
114 184
114 188
114 199
114 200
114 202
114 203
114 205
114 207
114 210
114 214
114 222
114 232
114 236
114 246
114 261
114 279
114 282
114 283
115 118
115 122
115 123
115 132
115 133
115 135
115 142
115 143
115 150
115 163
115 164
115 172
115 173
115 180
115 183
115 202
115 206
115 207
115 211
115 214
115 221
115 241
115 242
115 245
115 247
115 248
115 249
115 251
115 254
115 255
115 263
115 265
115 271
115 278
115 286
115 289
115 294
115 299
116 119
116 132
116 133
116 136
116 141
116 146
116 147
116 149
116 150
116 154
116 156
116 160
116 162
116 177
116 180
116 185
116 196
116 202
116 203
116 220
116 224
116 233
116 236
116 238
116 241
116 242
116 244
116 248
116 253
116 255
116 256
116 260
116 263
116 272
116 274
116 276
116 281
116 286
116 287
116 293
116 298
117 121
117 126
117 137
117 138
117 139
117 146
117 161
117 175
117 177
117 179
117 180
117 182
117 189
117 191
117 192
117 198
117 201
117 202
117 207
117 209
117 221
117 224
117 230
117 231
117 234
117 236
117 237
117 260
117 267
117 268
117 271
117 280
117 282
117 286
118 124
118 125
118 141
118 145
118 147
118 150
118 151
118 155
118 159
118 160
118 162
118 171
118 172
118 174
118 177
118 178
118 191
118 194
118 195
118 202
118 205
118 213
118 215
118 227
118 229
118 242
118 254
118 258
118 270
118 274
118 280
118 282
118 284
118 285
118 287
118 294
118 296
118 298
119 121
119 126
119 131
119 138
119 140
119 148
119 153
119 162
119 171
119 177
119 191
119 199
119 202
119 210
119 212
119 214
119 217
119 218
119 219
119 230
119 231
119 232
119 234
119 238
119 242
119 246
119 248
119 251
119 255
119 257
119 258
119 260
119 262
119 265
119 268
119 272
119 277
119 281
119 282
119 283
119 286
119 299
120 127
120 137
120 141
120 145
120 148
120 149
120 152
120 157
120 158
120 160
120 161
120 170
120 172
120 183
120 196
120 204
120 215
120 221
120 230
120 243
120 245
120 251
120 252
120 262
120 268
120 273
120 282
120 283
120 285
120 292
120 293
120 294
120 295
120 297
121 122
121 127
121 128
121 135
121 137
121 142
121 145
121 147
121 154
121 156
121 165
121 173
121 178
121 193
121 194
121 206
121 220
121 221
121 226
121 229
121 230
121 245
121 249
121 253
121 254
121 271
121 274
121 284
121 294
121 296
122 128
122 132
122 136
122 137
122 138
122 146
122 155
122 159
122 167
122 171
122 181
122 183
122 184
122 190
122 192
122 193
122 199
122 201
122 206
122 207
122 222
122 225
122 226
122 227
122 229
122 234
122 244
122 246
122 248
122 249
122 251
122 252
122 254
122 257
122 258
122 260
122 261
122 273
122 275
122 277
122 281
122 282
122 283
122 285
122 292
122 294
122 295
122 296
123 125
123 127
123 129
123 142
123 145
123 146
123 149
123 154
123 155
123 156
123 159
123 162
123 170
123 171
123 175
123 176
123 179
123 181
123 192
123 193
123 207
123 215
123 217
123 218
123 223
123 234
123 243
123 247
123 251
123 253
123 254
123 260
123 264
123 274
123 276
123 277
123 278
123 279
123 281
123 284
123 288
123 292
123 295
123 296
123 297
124 125
124 126
124 135
124 137
124 142
124 143
124 146
124 148
124 153
124 164
124 167
124 168
124 171
124 174
124 179
124 180
124 183
124 191
124 203
124 204
124 211
124 222
124 230
124 236
124 237
124 256
124 261
124 269
124 271
124 276
124 277
124 279
124 290
124 291
124 294
124 298
124 299
125 133
125 134
125 135
125 137
125 142
125 147
125 150
125 154
125 157
125 166
125 172
125 175
125 179
125 183
125 185
125 191
125 192
125 193
125 194
125 211
125 216
125 220
125 222
125 232
125 235
125 237
125 240
125 245
125 249
125 260
125 263
125 267
125 268
125 270
125 272
125 277
125 281
125 282
125 283
125 290
125 292
125 299
126 127
126 138
126 144
126 151
126 152
126 158
126 160
126 165
126 170
126 172
126 174
126 175
126 186
126 187
126 191
126 199
126 201
126 202
126 204
126 217
126 218
126 219
126 220
126 221
126 230
126 233
126 234
126 238
126 240
126 243
126 244
126 246
126 247
126 252
126 255
126 256
126 258
126 262
126 275
126 276
126 277
126 278
126 279
126 288
126 295
127 130
127 132
127 133
127 137
127 141
127 153
127 155
127 159
127 164
127 171
127 174
127 175
127 178
127 188
127 199
127 203
127 207
127 208
127 209
127 210
127 219
127 222
127 226
127 237
127 239
127 240
127 244
127 246
127 251
127 255
127 259
127 262
127 266
127 267
127 270
127 275
127 281
127 285
127 290
127 293
127 299
128 133
128 140
128 145
128 151
128 153
128 154
128 157
128 165
128 166
128 173
128 179
128 186
128 196
128 203
128 204
128 208
128 211
128 214
128 217
128 218
128 228
128 231
128 233
128 235
128 237
128 238
128 242
128 248
128 250
128 254
128 259
128 262
128 270
128 271
128 274
128 282
128 283
128 287
128 290
128 295
129 131
129 134
129 144
129 146
129 150
129 153
129 154
129 163
129 165
129 169
129 181
129 188
129 191
129 194
129 195
129 213
129 215
129 218
129 224
129 234
129 240
129 243
129 251
129 255
129 260
129 268
129 274
129 276
129 277
129 282
130 132
130 134
130 149
130 150
130 152
130 155
130 164
130 167
130 168
130 170
130 175
130 176
130 177
130 184
130 186
130 190
130 191
130 192
130 199
130 202
130 212
130 213
130 222
130 230
130 232
130 234
130 240
130 248
130 257
130 259
130 262
130 270
130 271
130 272
130 276
130 280
130 282
130 283
130 288
130 294
130 299
131 143
131 154
131 157
131 160
131 167
131 169
131 171
131 188
131 190
131 191
131 200
131 202
131 209
131 210
131 224
131 227
131 231
131 243
131 255
131 257
131 259
131 267
131 277
131 279
131 281
131 286
131 287
131 292
131 294
131 295
132 135
132 136
132 140
132 144
132 148
132 149
132 150
132 151
132 158
132 177
132 178
132 180
132 183
132 192
132 195
132 198
132 202
132 205
132 225
132 228
132 230
132 234
132 237
132 242
132 249
132 251
132 259
132 267
132 277
132 279
132 287
132 288
132 291
133 137
133 141
133 146
133 148
133 150
133 154
133 156
133 158
133 160
133 165
133 166
133 176
133 187
133 192
133 197
133 199
133 203
133 230
133 231
133 242
133 249
133 258
133 259
133 260
133 266
133 268
133 271
133 275
133 284
133 285
133 289
134 150
134 154
134 163
134 169
134 179
134 182
134 192
134 194
134 196
134 200
134 209
134 210
134 212
134 213
134 215
134 216
134 218
134 221
134 227
134 228
134 231
134 232
134 238
134 239
134 243
134 249
134 253
134 276
134 278
134 280
134 283
134 291
134 292
134 294
134 295
134 297
134 299
135 136
135 146
135 151
135 160
135 165
135 168
135 170
135 174
135 176
135 183
135 186
135 206
135 217
135 223
135 225
135 254
135 257
135 262
135 267
135 278
135 282
135 284
135 285
135 286
135 290
135 292
135 293
135 294
136 138
136 140
136 142
136 151
136 162
136 168
136 171
136 173
136 174
136 180
136 181
136 186
136 192
136 194
136 198
136 205
136 206
136 207
136 208
136 210
136 213
136 215
136 217
136 218
136 219
136 225
136 227
136 230
136 237
136 238
136 241
136 246
136 258
136 259
136 263
136 266
136 269
136 274
136 279
136 281
136 286
136 296
136 297
136 298
137 156
137 159
137 166
137 181
137 182
137 187
137 196
137 198
137 209
137 211
137 214
137 216
137 227
137 229
137 235
137 238
137 241
137 242
137 249
137 250
137 252
137 253
137 262
137 265
137 271
137 272
137 281
137 287
137 292
137 294
137 296
138 144
138 145
138 148
138 156
138 159
138 167
138 168
138 180
138 185
138 198
138 204
138 205
138 210
138 215
138 220
138 221
138 227
138 229
138 230
138 234
138 244
138 246
138 252
138 271
138 273
138 282
138 284
138 291
138 292
138 295
138 297
139 141
139 144
139 146
139 158
139 161
139 163
139 170
139 171
139 172
139 173
139 204
139 219
139 221
139 225
139 229
139 231
139 236
139 242
139 245
139 252
139 280
139 285
139 286
139 294
139 296
140 142
140 143
140 147
140 155
140 157
140 161
140 165
140 166
140 169
140 171
140 174
140 175
140 181
140 185
140 186
140 209
140 212
140 217
140 220
140 231
140 233
140 235
140 254
140 265
140 270
140 271
140 274
140 279
140 280
140 288
140 296
141 143
141 145
141 148
141 161
141 168
141 179
141 181
141 182
141 186
141 191
141 194
141 197
141 201
141 207
141 208
141 216
141 218
141 227
141 228
141 236
141 239
141 243
141 244
141 250
141 261
141 263
141 268
141 271
141 272
141 274
141 276
141 278
141 279
141 280
141 285
142 143
142 148
142 153
142 156
142 162
142 165
142 168
142 170
142 177
142 178
142 180
142 182
142 183
142 186
142 193
142 196
142 197
142 199
142 206
142 208
142 209
142 217
142 218
142 220
142 224
142 225
142 229
142 230
142 235
142 244
142 245
142 255
142 256
142 264
142 266
142 272
142 274
142 275
142 278
142 279
142 280
142 282
142 283
142 289
142 290
142 297
143 144
143 147
143 151
143 152
143 154
143 156
143 160
143 161
143 164
143 168
143 173
143 174
143 181
143 190
143 195
143 196
143 206
143 208
143 212
143 218
143 219
143 224
143 225
143 226
143 232
143 235
143 236
143 239
143 250
143 251
143 255
143 267
143 270
143 275
143 284
143 287
143 290
143 293
144 148
144 150
144 155
144 157
144 161
144 174
144 175
144 177
144 182
144 188
144 191
144 199
144 203
144 205
144 210
144 214
144 215
144 219
144 220
144 224
144 227
144 234
144 238
144 251
144 254
144 255
144 259
144 270
144 278
144 288
144 289
145 146
145 165
145 166
145 168
145 176
145 177
145 180
145 183
145 185
145 188
145 191
145 192
145 206
145 211
145 214
145 216
145 220
145 226
145 229
145 231
145 232
145 235
145 236
145 259
145 271
145 274
145 276
145 278
145 280
145 283
145 284
146 147
146 149
146 154
146 157
146 159
146 160
146 164
146 170
146 177
146 180
146 188
146 189
146 191
146 193
146 196
146 199
146 200
146 205
146 206
146 210
146 213
146 214
146 237
146 244
146 247
146 252
146 254
146 255
146 264
146 270
146 271
146 280
146 285
146 294
147 160
147 166
147 168
147 174
147 176
147 182
147 185
147 192
147 198
147 210
147 211
147 217
147 220
147 222
147 224
147 228
147 229
147 231
147 238
147 246
147 265
147 266
147 277
147 279
147 280
147 294
148 158
148 170
148 171
148 175
148 178
148 182
148 188
148 191
148 209
148 214
148 216
148 217
148 218
148 224
148 227
148 228
148 236
148 245
148 247
148 250
148 271
148 276
148 277
148 292
148 297
148 299
149 152
149 153
149 156
149 159
149 160
149 162
149 166
149 168
149 174
149 175
149 177
149 179
149 180
149 182
149 187
149 191
149 197
149 203
149 218
149 221
149 224
149 227
149 229
149 232
149 240
149 243
149 248
149 254
149 255
149 257
149 266
149 268
149 275
149 289
149 299
150 151
150 155
150 159
150 171
150 172
150 173
150 184
150 198
150 209
150 210
150 215
150 217
150 224
150 226
150 229
150 244
150 245
150 270
150 271
150 276
150 290
150 294
151 160
151 166
151 181
151 182
151 184
151 211
151 217
151 229
151 237
151 239
151 242
151 248
151 249
151 250
151 253
151 259
151 271
151 274
151 281
151 284
151 289
151 291
151 294
151 298
151 299
152 162
152 165
152 175
152 178
152 179
152 182
152 184
152 190
152 196
152 198
152 202
152 203
152 204
152 205
152 209
152 210
152 216
152 223
152 224
152 235
152 240
152 242
152 243
152 253
152 254
152 255
152 256
152 263
152 268
152 269
152 275
152 277
152 280
152 286
152 287
152 289
153 165
153 166
153 168
153 171
153 177
153 189
153 194
153 203
153 206
153 212
153 220
153 237
153 239
153 241
153 252
153 262
153 274
153 280
153 281
153 282
153 283
153 292
154 155
154 159
154 160
154 168
154 172
154 173
154 195
154 199
154 206
154 208
154 209
154 215
154 217
154 224
154 225
154 228
154 237
154 238
154 241
154 242
154 250
154 261
154 271
154 273
154 274
154 276
154 282
154 284
154 289
154 290
154 293
154 295
155 162
155 167
155 176
155 178
155 179
155 183
155 184
155 187
155 192
155 193
155 197
155 198
155 209
155 211
155 219
155 223
155 228
155 232
155 237
155 242
155 245
155 247
155 254
155 263
155 272
155 273
155 278
155 279
155 282
155 296
156 157
156 162
156 166
156 170
156 175
156 181
156 182
156 183
156 187
156 190
156 193
156 194
156 196
156 212
156 225
156 233
156 234
156 237
156 242
156 243
156 252
156 254
156 255
156 266
156 270
156 274
156 284
156 297
157 161
157 169
157 175
157 184
157 193
157 207
157 208
157 218
157 219
157 222
157 223
157 224
157 226
157 227
157 238
157 242
157 243
157 248
157 251
157 254
157 258
157 262
157 264
157 266
157 271
157 272
157 290
157 292
158 161
158 167
158 172
158 173
158 177
158 182
158 183
158 189
158 190
158 198
158 199
158 200
158 212
158 216
158 223
158 230
158 232
158 250
158 251
158 253
158 254
158 256
158 264
158 271
158 281
158 283
158 287
158 290
158 294
158 295
159 168
159 170
159 179
159 185
159 186
159 194
159 197
159 198
159 202
159 205
159 207
159 215
159 217
159 224
159 225
159 229
159 231
159 233
159 239
159 240
159 241
159 247
159 264
159 266
159 270
159 278
159 282
159 285
160 164
160 167
160 169
160 179
160 183
160 187
160 188
160 207
160 212
160 224
160 225
160 231
160 232
160 236
160 238
160 246
160 249
160 259
160 265
160 266
160 271
160 281
160 293
161 178
161 180
161 181
161 185
161 189
161 191
161 194
161 200
161 208
161 216
161 217
161 220
161 225
161 238
161 241
161 245
161 246
161 258
161 266
161 267
161 270
161 286
161 288
161 290
161 296
161 297
161 299
162 164
162 167
162 170
162 178
162 181
162 182
162 183
162 190
162 192
162 193
162 198
162 201
162 210
162 217
162 240
162 256
162 270
162 271
163 168
163 170
163 173
163 175
163 178
163 180
163 186
163 189
163 191
163 203
163 205
163 211
163 213
163 221
163 222
163 223
163 229
163 231
163 236
163 238
163 245
163 246
163 248
163 253
163 256
163 261
163 266
163 273
163 275
163 277
163 289
163 291
163 295
163 297
164 172
164 175
164 178
164 181
164 182
164 183
164 195
164 201
164 208
164 216
164 220
164 222
164 224
164 233
164 258
164 266
164 270
164 274
164 275
164 276
164 291
165 166
165 167
165 181
165 188
165 189
165 193
165 199
165 202
165 215
165 219
165 235
165 238
165 240
165 251
165 253
165 254
165 257
165 271
165 277
165 279
165 280
166 168
166 173
166 175
166 178
166 187
166 190
166 202
166 216
166 224
166 231
166 235
166 243
166 259
166 260
166 261
166 265
166 268
166 272
166 273
166 275
166 280
166 284
166 286
166 291
167 168
167 184
167 185
167 205
167 210
167 225
167 226
167 228
167 250
167 253
167 263
167 265
167 279
167 284
167 289
167 292
167 294
167 295
167 296
168 170
168 175
168 176
168 182
168 183
168 186
168 188
168 189
168 195
168 197
168 204
168 205
168 207
168 224
168 232
168 233
168 236
168 241
168 247
168 255
168 262
168 267
168 269
168 277
168 281
168 284
169 181
169 188
169 189
169 193
169 194
169 195
169 198
169 199
169 210
169 212
169 223
169 226
169 227
169 228
169 235
169 236
169 238
169 240
169 243
169 244
169 246
169 252
169 253
169 260
169 268
169 273
169 283
169 292
170 171
170 173
170 178
170 186
170 232
170 235
170 238
170 248
170 251
170 258
170 260
170 261
170 264
170 266
170 269
170 270
170 282
170 286
170 287
170 293
170 297
170 299
171 174
171 176
171 182
171 183
171 184
171 186
171 188
171 189
171 190
171 191
171 192
171 199
171 203
171 206
171 214
171 218
171 221
171 222
171 223
171 227
171 231
171 235
171 239
171 240
171 241
171 242
171 243
171 247
171 253
171 259
171 266
171 272
171 281
171 285
171 293
171 294
171 295
171 296
171 297
172 176
172 187
172 195
172 199
172 206
172 210
172 214
172 225
172 227
172 229
172 239
172 241
172 242
172 251
172 252
172 255
172 256
172 259
172 268
172 269
172 272
172 282
172 293
172 297
173 174
173 178
173 190
173 192
173 193
173 195
173 198
173 214
173 216
173 221
173 224
173 228
173 230
173 237
173 238
173 243
173 248
173 252
173 253
173 255
173 258
173 269
173 277
173 286
173 291
174 183
174 185
174 186
174 192
174 194
174 197
174 202
174 203
174 208
174 213
174 216
174 219
174 220
174 233
174 243
174 259
174 263
174 266
174 280
174 283
174 287
175 178
175 185
175 190
175 191
175 192
175 194
175 195
175 196
175 197
175 203
175 204
175 208
175 216
175 218
175 226
175 228
175 245
175 247
175 258
175 264
175 272
175 278
175 280
175 283
175 289
175 297
176 182
176 183
176 190
176 192
176 193
176 197
176 204
176 206
176 211
176 212
176 217
176 221
176 226
176 247
176 250
176 255
176 256
176 258
176 259
176 262
176 266
176 268
176 270
176 274
176 284
176 288
176 292
176 293
176 297
177 179
177 187
177 198
177 202
177 206
177 211
177 212
177 216
177 222
177 225
177 235
177 243
177 244
177 246
177 252
177 254
177 262
177 264
177 271
177 273
177 289
177 290
177 298
177 299
178 184
178 187
178 193
178 197
178 198
178 204
178 207
178 209
178 212
178 213
178 214
178 218
178 219
178 226
178 227
178 229
178 238
178 245
178 251
178 254
178 264
178 271
178 273
178 276
178 281
178 291
178 293
178 299
179 191
179 192
179 193
179 200
179 209
179 212
179 215
179 229
179 230
179 231
179 239
179 240
179 242
179 246
179 258
179 264
179 265
179 266
179 275
179 277
179 281
179 284
179 291
179 294
179 296
180 181
180 182
180 183
180 193
180 196
180 200
180 204
180 205
180 210
180 211
180 214
180 217
180 218
180 222
180 229
180 231
180 233
180 235
180 237
180 238
180 244
180 254
180 258
180 260
180 266
180 269
180 271
180 274
180 279
180 282
180 295
181 183
181 184
181 194
181 199
181 201
181 208
181 209
181 213
181 218
181 221
181 227
181 230
181 232
181 235
181 237
181 238
181 239
181 247
181 250
181 259
181 264
181 266
181 271
181 275
182 183
182 200
182 205
182 209
182 217
182 226
182 227
182 230
182 232
182 235
182 238
182 239
182 245
182 247
182 249
182 250
182 252
182 255
182 258
182 259
182 261
182 263
182 267
182 273
182 285
183 190
183 193
183 196
183 198
183 203
183 204
183 206
183 214
183 220
183 228
183 230
183 234
183 236
183 238
183 240
183 241
183 250
183 251
183 257
183 263
183 265
183 277
183 278
183 280
183 281
183 284
183 292
183 295
184 196
184 200
184 202
184 205
184 207
184 216
184 217
184 220
184 222
184 243
184 245
184 246
184 247
184 248
184 251
184 252
184 256
184 257
184 258
184 263
184 264
184 266
184 276
184 278
184 279
184 284
184 286
185 196
185 201
185 207
185 212
185 213
185 226
185 227
185 229
185 240
185 242
185 243
185 244
185 246
185 255
185 256
185 262
185 269
185 282
185 283
185 290
185 296
185 297
185 298
186 188
186 190
186 194
186 196
186 197
186 198
186 204
186 205
186 213
186 215
186 221
186 227
186 232
186 237
186 238
186 243
186 245
186 254
186 272
186 277
186 286
186 291
186 292
186 297
187 195
187 201
187 207
187 211
187 212
187 215
187 216
187 218
187 221
187 229
187 248
187 249
187 259
187 264
187 273
187 274
187 279
187 285
187 295
187 299
188 189
188 201
188 206
188 214
188 216
188 218
188 219
188 224
188 230
188 231
188 235
188 237
188 241
188 257
188 263
188 272
188 283
188 288
188 298
189 191
189 194
189 197
189 198
189 199
189 204
189 206
189 213
189 216
189 223
189 225
189 226
189 229
189 231
189 242
189 243
189 246
189 248
189 250
189 260
189 263
189 270
189 272
189 280
189 284
189 286
189 288
189 294
190 192
190 194
190 196
190 207
190 210
190 213
190 215
190 225
190 227
190 231
190 234
190 242
190 244
190 247
190 249
190 253
190 254
190 261
190 263
190 266
190 273
190 283
190 287
190 290
190 294
190 298
191 193
191 194
191 197
191 198
191 209
191 212
191 228
191 233
191 234
191 244
191 247
191 254
191 257
191 259
191 261
191 263
191 268
191 279
191 290
191 296
192 193
192 195
192 197
192 207
192 209
192 210
192 218
192 231
192 242
192 244
192 245
192 246
192 250
192 257
192 266
192 270
192 276
192 280
192 281
192 284
192 288
192 295
193 196
193 201
193 203
193 210
193 217
193 220
193 225
193 239
193 251
193 256
193 257
193 259
193 268
193 279
193 280
193 283
193 295
194 195
194 197
194 202
194 203
194 209
194 210
194 212
194 220
194 240
194 250
194 251
194 261
194 262
194 269
194 272
194 275
194 279
194 283
194 288
194 290
194 298
195 196
195 198
195 207
195 218
195 221
195 223
195 224
195 230
195 231
195 239
195 241
195 247
195 256
195 259
195 261
195 265
195 273
195 274
195 289
196 208
196 211
196 212
196 213
196 224
196 225
196 230
196 232
196 239
196 240
196 253
196 259
196 262
196 265
196 270
196 271
196 273
196 276
196 281
196 295
196 296
196 299
197 200
197 203
197 206
197 211
197 214
197 220
197 223
197 230
197 232
197 233
197 250
197 258
197 259
197 262
197 263
197 264
197 267
197 270
197 272
197 287
197 290
197 293
198 201
198 206
198 207
198 209
198 221
198 222
198 223
198 226
198 231
198 239
198 240
198 246
198 247
198 258
198 259
198 260
198 263
198 265
198 267
198 272
198 275
198 285
198 287
198 290
198 293
199 200
199 203
199 207
199 213
199 227
199 228
199 239
199 241
199 244
199 247
199 261
199 262
199 263
199 265
199 266
199 268
199 270
199 275
199 279
199 285
199 286
199 288
199 289
200 201
200 205
200 206
200 209
200 221
200 239
200 250
200 251
200 253
200 257
200 268
200 269
200 274
200 277
200 282
200 293
201 232
201 241
201 263
201 265
201 269
201 272
201 273
201 279
201 287
201 299
202 213
202 220
202 224
202 226
202 232
202 234
202 246
202 248
202 249
202 251
202 258
202 268
202 278
202 279
202 288
202 291
202 295
202 298
203 221
203 227
203 228
203 229
203 230
203 236
203 250
203 260
203 262
203 270
203 273
203 278
203 280
203 282
203 283
203 284
203 294
203 298
204 225
204 235
204 242
204 245
204 246
204 252
204 255
204 264
204 267
204 269
204 271
204 274
204 276
204 280
204 281
204 285
204 295
204 297
205 212
205 217
205 222
205 226
205 228
205 229
205 245
205 251
205 253
205 255
205 260
205 266
205 267
205 268
205 276
205 278
205 282
205 283
205 286
205 288
205 295
206 208
206 218
206 225
206 230
206 238
206 252
206 257
206 268
206 269
206 278
206 284
206 288
206 292
207 209
207 216
207 222
207 223
207 229
207 248
207 253
207 254
207 262
207 263
207 264
207 273
207 280
207 283
207 287
207 294
207 296
207 299
208 214
208 215
208 218
208 219
208 235
208 238
208 243
208 253
208 258
208 261
208 266
208 271
208 278
208 285
208 287
208 288
208 293
209 214
209 216
209 217
209 222
209 224
209 231
209 234
209 241
209 256
209 267
209 278
209 288
209 299
210 216
210 217
210 225
210 232
210 233
210 234
210 243
210 248
210 250
210 253
210 257
210 259
210 260
210 265
210 268
210 279
210 285
210 286
210 289
210 292
210 294
210 295
210 296
210 297
211 215
211 217
211 219
211 222
211 228
211 230
211 231
211 232
211 234
211 235
211 241
211 253
211 255
211 260
211 262
211 263
211 269
211 271
211 272
211 275
211 282
211 283
211 291
211 295
211 296
212 223
212 256
212 259
212 272
212 274
212 285
212 289
212 291
212 292
212 293
213 216
213 218
213 220
213 223
213 228
213 230
213 239
213 240
213 247
213 253
213 254
213 266
213 268
213 270
213 272
213 274
213 280
213 297
213 299
214 224
214 229
214 237
214 243
214 246
214 249
214 258
214 266
214 271
214 272
214 275
214 281
214 282
214 285
214 288
214 290
214 295
214 296
215 221
215 225
215 227
215 240
215 241
215 246
215 253
215 256
215 260
215 261
215 263
215 264
215 272
215 274
215 275
215 277
215 278
215 283
215 291
215 294
215 295
215 296
215 299
216 219
216 223
216 226
216 229
216 234
216 240
216 259
216 263
216 264
216 266
216 270
216 272
216 275
216 278
216 280
216 290
216 297
217 219
217 221
217 225
217 229
217 235
217 239
217 240
217 243
217 247
217 251
217 253
217 254
217 264
217 266
217 283
217 288
217 290
217 292
217 297
217 298
218 222
218 227
218 232
218 233
218 235
218 236
218 247
218 250
218 259
218 261
218 263
218 273
218 280
218 283
218 286
218 288
218 290
218 291
218 295
218 298
219 221
219 222
219 224
219 233
219 234
219 236
219 237
219 250
219 254
219 255
219 256
219 259
219 260
219 263
219 264
219 267
219 276
219 284
219 287
219 290
219 298
220 228
220 236
220 237
220 240
220 243
220 246
220 248
220 255
220 256
220 264
220 267
220 268
220 281
220 285
220 290
220 295
220 296
221 226
221 227
221 232
221 235
221 236
221 245
221 248
221 249
221 251
221 254
221 260
221 266
221 268
221 280
221 294
221 298
222 224
222 228
222 233
222 250
222 253
222 257
222 258
222 266
222 273
222 286
222 292
223 227
223 236
223 246
223 247
223 249
223 251
223 254
223 259
223 262
223 272
223 274
223 292
223 293
223 294
224 231
224 235
224 239
224 240
224 243
224 244
224 252
224 253
224 257
224 258
224 267
224 278
224 279
224 282
224 298
224 299
225 233
225 240
225 244
225 245
225 246
225 254
225 265
225 274
225 287
225 289
225 293
225 295
225 296
226 232
226 238
226 244
226 247
226 253
226 255
226 263
226 272
226 278
226 285
226 290
226 292
226 298
227 229
227 235
227 241
227 245
227 246
227 248
227 257
227 270
227 279
227 290
227 294
228 231
228 243
228 249
228 252
228 255
228 258
228 259
228 263
228 273
228 280
228 283
228 284
228 286
228 290
228 292
228 297
228 298
228 299
229 230
229 237
229 242
229 250
229 259
229 265
229 271
229 277
229 278
229 281
229 284
229 286
229 292
229 299
230 232
230 238
230 240
230 243
230 247
230 250
230 251
230 253
230 255
230 262
230 278
230 279
230 281
230 291
230 296
230 297
230 299
231 233
231 236
231 243
231 250
231 254
231 257
231 258
231 265
231 273
231 282
231 291
231 297
231 298
232 234
232 247
232 252
232 270
232 275
232 281
232 292
232 297
233 234
233 235
233 239
233 248
233 252
233 255
233 256
233 259
233 263
233 264
233 265
233 268
233 273
233 278
233 284
233 286
234 236
234 247
234 254
234 259
234 262
234 270
234 272
234 273
234 283
234 284
234 285
234 289
234 290
234 292
234 294
234 295
234 297
234 298
235 236
235 243
235 246
235 248
235 249
235 259
235 263
235 265
235 269
235 273
235 275
235 283
235 285
235 287
235 297
235 298
236 239
236 243
236 245
236 246
236 251
236 257
236 258
236 265
236 274
236 279
236 283
236 291
236 296
237 239
237 250
237 253
237 256
237 262
237 264
237 268
237 274
237 286
237 291
237 297
238 244
238 269
238 271
238 275
238 276
238 278
238 282
238 285
238 290
238 292
238 296
239 242
239 250
239 252
239 256
239 257
239 263
239 276
239 277
239 279
239 281
239 284
239 287
239 295
240 244
240 245
240 249
240 251
240 256
240 260
240 262
240 265
240 267
240 269
240 271
240 273
240 275
240 276
240 279
240 284
240 285
240 299
241 254
241 262
241 268
241 281
241 282
241 283
241 291
241 292
241 293
242 245
242 246
242 247
242 250
242 254
242 256
242 258
242 265
242 266
242 271
242 273
242 274
242 278
242 282
242 293
242 299
243 248
243 250
243 257
243 260
243 264
243 265
243 266
243 270
243 274
243 279
243 285
243 286
243 289
244 250
244 251
244 255
244 256
244 263
244 266
244 273
244 274
244 281
244 286
244 290
244 292
244 293
244 299
245 257
245 263
245 264
245 267
245 270
245 282
245 287
245 290
245 291
245 299
246 249
246 250
246 261
246 265
246 268
246 269
246 270
246 273
246 277
246 278
246 282
246 285
246 290
247 256
247 272
247 279
247 280
247 289
247 292
247 293
247 299
248 249
248 256
248 264
248 269
248 276
248 281
248 286
248 287
248 297
249 252
249 253
249 258
249 265
249 273
249 274
249 282
249 284
249 287
249 291
249 294
249 295
249 296
250 251
250 254
250 286
250 288
250 289
250 294
250 298
251 255
251 257
251 264
251 268
251 273
251 279
251 294
251 295
251 296
251 299
252 255
252 262
252 265
252 268
252 271
252 275
252 279
252 293
253 262
253 267
253 268
253 270
253 274
253 276
253 278
253 284
253 298
253 299
254 261
254 264
254 265
254 266
254 269
254 273
254 275
254 278
254 280
254 285
254 291
254 292
254 298
255 266
255 269
255 275
255 281
255 288
255 289
255 292
256 258
256 259
256 260
256 263
256 264
256 273
256 292
257 258
257 262
257 263
257 270
257 278
257 289
257 295
257 296
258 259
258 260
258 268
258 269
258 278
258 283
258 286
258 288
259 263
259 266
259 267
259 270
259 275
259 281
259 282
259 286
259 298
260 261
260 262
260 269
260 270
260 271
260 283
260 284
260 286
260 287
260 290
260 295
260 299
261 265
261 275
261 278
261 282
261 290
261 294
262 265
262 269
262 270
262 274
262 277
262 284
262 285
262 286
262 287
262 292
262 294
262 295
262 297
262 298
263 267
263 268
263 274
263 277
263 280
263 281
263 286
264 267
264 270
264 274
264 287
264 294
264 295
264 299
265 270
265 277
265 283
266 271
266 274
266 275
266 278
266 280
266 286
266 288
266 294
266 297
267 270
267 272
267 287
267 288
268 273
268 279
268 280
268 285
268 291
268 296
269 270
269 276
269 277
269 280
269 287
269 288
269 296
270 271
270 282
270 284
270 287
270 289
270 290
270 297
271 273
271 275
271 282
271 287
271 293
272 284
272 291
272 294
272 298
273 275
273 286
273 288
273 291
273 297
274 276
274 283
274 287
274 294
274 297
274 299
275 283
275 284
276 277
276 280
276 281
276 287
276 298
277 282
277 292
277 295
277 297
278 279
278 287
278 288
279 280
279 283
279 287
279 288
279 289
279 293
279 298
279 299
280 285
280 286
280 294
280 298
281 284
281 288
281 296
281 299
282 284
282 294
282 297
283 285
283 295
284 287
284 288
284 290
284 298
285 296
286 290
286 291
286 292
286 293
287 292
287 293
287 296
287 297
288 291
288 292
288 293
288 295
288 298
289 292
289 297
289 298
290 294
290 297
294 299
