62 415
0 10
0 12
0 16
0 23
0 24
0 29
0 31
0 34
0 45
0 46
0 48
0 53
0 54
0 56
0 60
1 5
1 7
1 8
1 9
1 16
1 26
1 32
1 36
1 45
1 51
1 54
2 18
2 25
2 32
2 44
2 45
2 53
2 56
2 61
3 13
3 16
3 20
3 30
3 35
3 40
3 44
3 47
3 54
3 57
3 59
3 60
4 10
4 13
4 14
4 16
4 19
4 20
4 32
4 44
4 45
4 58
5 7
5 14
5 21
5 22
5 27
5 31
5 36
5 37
5 39
5 51
5 53
5 55
5 57
5 60
6 10
6 12
6 19
6 21
6 24
6 25
6 30
6 31
6 32
6 33
6 43
6 47
6 54
6 55
6 58
6 61
7 13
7 14
7 17
7 18
7 27
7 31
7 35
7 38
7 39
7 43
7 44
7 54
8 10
8 16
8 22
8 23
8 37
8 48
8 49
8 58
8 59
9 10
9 14
9 17
9 19
9 30
9 39
9 43
9 45
9 54
9 59
9 61
10 16
10 19
10 20
10 23
10 29
10 36
10 49
10 52
10 53
10 54
11 12
11 21
11 22
11 29
11 30
11 31
11 32
11 38
11 41
11 43
11 48
11 55
12 13
12 16
12 26
12 39
12 40
12 44
12 49
12 56
12 57
13 17
13 23
13 25
13 28
13 32
13 34
13 42
13 45
13 46
13 47
13 54
13 55
13 57
13 59
13 61
14 22
14 31
14 36
14 38
14 45
14 46
14 50
14 54
15 21
15 26
15 31
15 32
15 39
15 40
15 42
15 49
15 53
15 54
15 55
15 58
16 23
16 29
16 30
16 32
16 36
16 41
16 46
16 49
16 59
17 21
17 22
17 23
17 30
17 31
17 33
17 36
17 38
17 41
17 51
17 54
17 61
18 35
18 38
19 28
19 36
19 38
19 47
19 49
19 54
19 55
19 57
19 59
20 21
20 25
20 26
20 31
20 33
20 34
20 35
20 37
20 48
20 55
20 56
20 57
21 23
21 24
21 25
21 26
21 34
21 36
21 38
21 39
21 40
21 45
21 57
21 58
21 61
22 28
22 29
22 34
22 35
22 38
22 45
22 51
22 57
22 58
22 61
23 24
23 25
23 27
23 32
23 34
23 39
23 42
23 45
23 52
23 57
24 29
24 31
24 32
24 33
24 42
24 43
24 45
24 51
24 53
24 54
24 61
25 30
25 31
25 38
25 41
25 55
25 56
26 37
26 49
26 51
26 56
26 58
27 28
27 38
27 47
27 53
27 54
27 56
27 57
27 59
28 34
28 40
28 41
28 42
28 43
28 51
29 31
29 38
29 42
29 43
29 49
29 55
29 57
30 38
30 40
30 41
30 48
30 51
30 55
30 57
31 35
31 36
31 41
31 43
31 48
31 50
31 55
32 36
32 54
32 57
32 58
33 36
33 40
33 44
33 45
34 41
34 47
34 48
34 56
35 37
35 58
35 59
35 61
36 37
36 46
36 49
36 52
36 61
37 40
37 41
37 43
37 44
37 50
37 53
37 54
38 40
38 41
38 49
38 57
38 59
38 60
39 40
39 44
39 49
39 51
39 52
39 54
39 55
39 58
39 61
40 42
40 52
40 53
40 60
41 44
41 46
41 47
41 48
41 50
41 51
41 60
41 61
42 46
42 57
42 58
43 44
43 58
43 60
44 45
44 50
44 53
44 54
44 57
44 61
45 48
45 49
45 50
45 59
46 55
46 60
47 51
47 57
47 59
48 52
48 59
49 50
49 51
49 52
49 54
49 60
50 54
50 56
51 60
51 61
52 55
52 56
52 58
52 59
53 55
53 57
54 60
55 59
56 58
56 59
