62 200
0 6
0 8
0 12
0 29
0 35
0 39
0 51
0 54
0 56
0 57
1 16
1 21
1 23
1 41
1 51
2 9
2 11
2 12
2 15
2 23
2 30
2 31
2 46
2 60
3 13
3 17
3 22
3 45
3 47
3 56
3 61
4 15
4 29
4 31
4 37
4 46
4 52
5 11
5 16
5 19
5 20
5 25
5 50
5 54
6 7
6 13
6 56
7 8
7 29
7 38
7 42
7 51
7 53
7 61
8 21
8 37
8 42
8 51
9 12
9 18
9 24
9 25
9 37
9 60
10 25
10 47
11 27
11 28
11 31
11 36
11 49
11 55
12 24
12 25
12 27
12 41
12 61
13 14
13 24
13 41
13 46
13 47
13 53
13 55
14 16
14 21
14 31
14 42
14 45
14 46
14 49
14 52
14 58
14 61
15 22
15 40
15 58
15 61
16 19
16 30
16 35
16 36
16 50
17 19
17 21
17 36
17 37
17 61
18 30
18 36
18 52
19 29
19 33
19 42
20 26
20 27
20 31
20 46
20 50
21 22
21 33
21 37
21 47
21 58
21 61
22 43
22 46
22 54
22 60
23 28
23 42
23 43
24 36
24 40
25 57
25 58
27 49
28 35
28 51
28 57
29 42
30 35
30 40
30 45
30 46
30 47
31 32
31 43
31 48
31 51
31 54
31 56
31 58
31 59
32 37
32 42
32 58
33 46
33 52
33 55
33 57
33 58
34 37
34 44
34 46
34 61
35 37
35 44
35 51
35 60
36 45
36 53
37 46
38 40
39 40
40 41
40 47
40 59
41 47
42 45
42 50
42 52
42 59
43 48
44 47
44 49
44 52
45 50
46 55
46 57
46 60
47 58
47 59
49 59
51 57
52 54
53 54
54 60
56 59
57 59
