78 577
0 13
0 26
0 28
0 29
0 43
0 47
0 48
0 53
0 54
0 68
0 70
1 5
1 20
1 22
1 26
1 31
1 33
1 38
1 53
1 61
1 62
2 4
2 7
2 10
2 18
2 22
2 29
2 34
2 40
2 43
2 44
2 52
2 54
2 59
2 60
2 64
2 65
2 76
3 5
3 15
3 16
3 19
3 24
3 25
3 30
3 40
3 42
3 44
3 49
3 52
3 54
3 56
3 62
3 63
3 68
3 69
3 74
4 7
4 9
4 10
4 15
4 18
4 19
4 44
4 45
4 60
4 62
4 74
4 77
5 12
5 24
5 28
5 30
5 35
5 37
5 51
5 56
5 61
5 66
5 72
6 20
6 21
6 27
6 39
6 46
6 48
6 49
6 59
6 61
6 66
6 76
6 77
7 12
7 16
7 23
7 33
7 37
7 41
7 44
7 51
7 52
7 53
7 65
8 13
8 17
8 20
8 21
8 29
8 40
8 49
8 57
8 67
8 70
9 11
9 14
9 18
9 21
9 23
9 26
9 32
9 36
9 42
9 52
9 55
9 60
9 64
9 69
10 11
10 12
10 24
10 26
10 29
10 39
10 47
10 55
10 56
10 62
10 70
10 71
10 73
11 19
11 20
11 25
11 30
11 34
11 35
11 42
11 43
11 44
11 53
11 54
11 56
12 17
12 18
12 26
12 27
12 30
12 39
12 46
12 48
12 49
12 61
12 63
12 65
12 70
12 71
13 14
13 15
13 17
13 24
13 26
13 38
13 39
13 44
13 46
13 50
13 54
13 64
13 66
13 74
14 16
14 20
14 21
14 25
14 28
14 33
14 38
14 48
14 50
14 53
14 54
14 56
14 61
14 69
14 70
14 71
14 74
15 17
15 18
15 21
15 43
15 47
15 53
15 58
15 61
15 62
15 69
15 71
16 20
16 25
16 29
16 36
16 42
16 52
16 57
16 59
16 62
16 66
16 67
16 70
16 71
17 18
17 28
17 33
17 38
17 42
17 57
17 58
17 73
18 31
18 36
18 40
18 41
18 43
18 55
18 67
18 70
18 71
19 20
19 23
19 26
19 30
19 32
19 34
19 36
19 38
19 39
19 47
19 53
19 56
19 58
19 60
19 72
19 74
20 21
20 27
20 31
20 34
20 37
20 42
20 48
20 53
20 54
20 67
21 24
21 34
21 48
21 53
21 60
21 67
21 68
21 72
22 23
22 29
22 36
22 38
22 39
22 50
22 56
22 69
22 70
22 71
22 73
22 75
22 77
23 27
23 30
23 32
23 34
23 36
23 41
23 43
23 52
23 55
23 60
23 71
23 75
24 25
24 29
24 34
24 35
24 44
24 48
24 52
24 58
24 70
24 76
25 29
25 33
25 52
25 54
25 63
25 64
25 68
25 69
25 70
25 73
26 27
26 31
26 35
26 37
26 42
26 55
26 56
26 57
26 63
26 67
26 70
26 71
26 72
26 77
27 28
27 30
27 31
27 33
27 36
27 41
27 47
27 48
27 51
27 52
27 56
27 57
27 61
27 63
27 67
27 73
27 76
27 77
28 31
28 36
28 38
28 46
28 47
28 56
28 64
28 76
29 42
29 46
29 49
29 52
29 54
29 55
29 58
29 65
29 72
29 75
30 40
30 43
30 47
30 49
30 53
30 56
30 63
30 71
30 73
31 35
31 37
31 39
31 44
31 46
31 50
31 54
31 55
31 57
31 66
31 67
32 36
32 47
32 54
32 56
32 67
33 41
33 44
33 52
33 58
33 62
33 63
33 67
33 69
33 72
34 43
34 49
34 56
34 65
35 38
35 56
35 57
35 63
35 66
35 69
35 70
35 73
35 76
35 77
36 40
36 44
36 47
36 48
36 52
36 57
36 58
36 60
36 63
37 42
37 45
37 46
37 49
37 51
37 59
37 60
37 64
38 42
38 51
38 55
38 56
38 64
38 73
38 77
39 43
39 44
39 47
39 50
39 58
39 59
39 67
39 71
39 72
40 41
40 48
40 58
40 62
40 66
41 45
41 46
41 48
41 53
41 55
41 56
41 60
41 68
41 72
41 73
41 75
41 76
41 77
42 46
42 50
42 56
42 68
42 73
42 74
42 75
42 76
43 52
43 57
43 70
43 73
44 48
44 51
44 53
44 56
44 57
45 47
45 55
45 59
45 63
45 67
45 69
46 49
46 69
46 70
46 71
46 72
46 75
47 54
47 66
48 50
48 60
48 67
48 71
49 50
49 51
49 53
49 58
49 70
50 52
50 58
50 74
51 57
51 58
51 65
51 68
51 71
51 73
51 77
52 60
52 61
52 74
53 58
53 60
53 63
53 65
53 68
53 69
53 77
54 59
54 60
54 66
54 67
54 77
55 57
55 58
55 73
55 75
56 63
56 65
56 68
56 76
56 77
57 62
57 71
57 73
58 63
58 69
58 75
59 60
59 66
59 75
59 77
60 62
60 68
60 70
62 67
62 68
62 72
62 76
63 64
63 70
64 68
64 69
64 77
65 70
65 76
66 73
67 77
68 73
68 76
69 73
69 75
70 76
71 72
73 74
73 76
74 75
74 77
75 76
