78 314
0 16
0 19
0 24
0 47
0 62
0 67
0 73
1 21
1 28
1 30
1 32
1 60
1 73
2 3
2 6
2 17
2 32
2 42
2 43
2 55
2 65
2 71
2 76
3 7
3 29
3 30
3 36
3 40
3 57
3 62
3 67
3 68
4 13
4 14
4 15
4 35
4 46
4 67
5 11
5 21
5 29
5 55
5 74
6 7
6 35
6 39
6 48
6 50
6 56
6 60
6 74
7 14
7 23
7 36
7 37
7 42
7 53
7 55
7 56
7 57
7 65
8 30
8 42
8 43
8 77
9 22
9 57
9 60
9 64
9 67
10 16
10 44
10 49
10 52
10 65
10 69
10 70
10 76
11 12
11 46
11 47
11 50
12 14
12 15
12 17
12 18
12 24
12 31
12 40
12 50
12 60
12 66
13 39
13 41
13 42
13 51
13 64
14 26
14 32
14 38
14 51
14 68
14 73
15 21
15 22
15 27
15 33
15 48
15 54
15 64
15 65
15 67
15 74
16 17
16 21
16 26
16 30
16 37
16 41
16 48
16 60
16 77
17 22
17 29
17 30
17 39
17 54
17 65
18 23
18 25
18 33
18 41
18 47
18 61
19 28
19 36
19 43
19 45
19 67
20 31
20 32
20 35
20 41
20 60
20 61
20 67
20 75
20 76
21 22
21 47
21 74
22 25
22 65
23 27
23 58
23 59
23 63
23 66
23 67
24 25
24 65
24 67
24 69
24 73
24 76
25 53
25 57
25 65
25 66
25 71
25 74
26 27
26 31
26 46
26 50
26 59
26 62
27 32
27 47
27 48
27 50
27 55
27 62
27 72
28 53
28 59
28 64
28 65
28 77
29 46
29 53
29 65
29 69
30 32
30 39
30 50
30 52
30 58
30 64
30 69
31 40
31 45
31 70
31 74
31 77
32 66
32 76
33 35
33 37
33 40
33 42
33 50
33 51
33 53
33 59
33 62
33 66
33 73
34 47
34 54
35 42
35 69
35 71
35 73
36 39
36 47
36 70
37 44
37 54
37 59
37 77
38 43
38 47
38 50
39 45
39 51
39 57
39 67
40 43
41 43
41 54
41 59
41 62
41 64
41 71
41 73
42 61
42 71
42 74
42 75
43 47
43 49
43 53
43 55
43 68
43 74
44 56
44 64
44 67
44 68
44 70
45 49
45 50
45 52
45 54
45 62
45 67
45 69
45 76
46 61
46 62
46 65
47 61
47 62
47 63
47 65
47 67
48 50
48 57
48 68
49 60
49 67
50 52
50 59
50 61
50 63
50 73
51 69
52 54
52 59
52 61
52 64
52 77
55 70
56 58
56 67
57 62
58 59
58 77
59 63
60 65
60 74
60 76
61 76
63 66
63 69
64 65
64 71
65 72
65 77
66 69
66 71
68 71
70 75
