94 883
0 2
0 17
0 27
0 29
0 32
0 36
0 37
0 39
0 47
0 52
0 56
0 69
0 70
0 73
0 76
0 79
0 87
0 88
0 92
1 15
1 17
1 26
1 42
1 49
1 69
1 71
1 72
1 78
1 80
1 81
1 82
1 84
1 88
1 92
2 12
2 13
2 15
2 21
2 27
2 37
2 38
2 43
2 44
2 46
2 48
2 52
2 53
2 65
2 70
2 82
2 84
2 93
3 5
3 8
3 13
3 14
3 23
3 27
3 29
3 33
3 34
3 35
3 39
3 46
3 52
3 53
3 59
3 61
3 62
3 75
3 76
3 90
4 8
4 16
4 17
4 22
4 24
4 27
4 28
4 29
4 30
4 38
4 39
4 40
4 42
4 47
4 55
4 56
4 59
4 79
4 89
4 90
5 15
5 19
5 21
5 22
5 24
5 28
5 29
5 32
5 34
5 40
5 53
5 54
5 60
5 63
5 65
5 66
5 74
5 76
5 77
5 90
5 93
6 8
6 10
6 15
6 19
6 20
6 21
6 23
6 30
6 34
6 37
6 41
6 42
6 51
6 57
6 58
6 61
6 65
6 73
6 79
6 81
6 85
6 86
7 9
7 10
7 12
7 15
7 17
7 34
7 40
7 43
7 64
7 70
7 74
7 83
7 93
8 12
8 13
8 16
8 17
8 28
8 35
8 36
8 42
8 47
8 49
8 60
8 68
8 69
8 88
8 89
9 10
9 16
9 19
9 28
9 30
9 31
9 32
9 35
9 49
9 51
9 53
9 56
9 59
9 65
9 66
9 75
9 81
9 84
9 91
9 92
10 11
10 18
10 21
10 29
10 30
10 36
10 42
10 53
10 73
10 74
10 75
10 80
10 87
10 89
11 30
11 31
11 32
11 46
11 50
11 58
11 62
11 70
11 72
11 74
11 79
11 81
11 91
12 16
12 21
12 25
12 26
12 28
12 37
12 39
12 40
12 48
12 50
12 54
12 56
12 59
12 64
12 72
12 74
12 79
12 83
13 17
13 25
13 33
13 43
13 46
13 51
13 58
13 59
13 60
13 62
13 67
13 72
13 76
13 78
13 86
13 91
14 19
14 33
14 38
14 49
14 51
14 52
14 63
14 71
14 78
14 79
14 82
14 83
14 86
14 93
15 27
15 33
15 35
15 39
15 41
15 47
15 50
15 54
15 62
15 63
15 72
15 82
15 88
16 19
16 24
16 27
16 29
16 43
16 48
16 57
16 59
16 61
16 63
16 68
16 71
16 75
16 78
16 86
16 90
16 91
17 23
17 25
17 26
17 33
17 45
17 47
17 48
17 58
17 63
17 80
17 81
17 82
17 84
18 22
18 26
18 39
18 42
18 43
18 45
18 58
18 60
18 61
18 63
18 64
18 67
18 70
18 74
18 86
19 20
19 21
19 23
19 34
19 40
19 46
19 52
19 59
19 68
19 77
19 79
19 83
19 86
19 89
20 23
20 28
20 33
20 42
20 46
20 56
20 59
20 67
20 74
20 78
20 84
20 89
20 91
20 92
21 23
21 27
21 29
21 42
21 43
21 45
21 50
21 51
21 52
21 57
21 63
22 24
22 25
22 27
22 28
22 29
22 30
22 37
22 38
22 40
22 45
22 54
22 57
22 58
22 66
22 69
22 72
22 74
22 75
23 27
23 28
23 31
23 33
23 37
23 38
23 39
23 40
23 41
23 42
23 55
23 58
23 60
23 68
23 75
23 76
23 77
23 81
23 85
23 87
23 92
24 28
24 35
24 39
24 41
24 43
24 51
24 70
24 72
24 79
24 83
24 91
25 31
25 35
25 38
25 40
25 41
25 44
25 54
25 57
25 63
25 64
25 76
25 86
25 87
25 89
26 32
26 45
26 52
26 55
26 56
26 61
26 64
26 66
26 70
26 80
26 81
26 85
26 87
27 29
27 34
27 42
27 44
27 48
27 49
27 51
27 59
27 60
27 61
27 66
27 73
27 77
27 82
27 87
27 90
28 29
28 30
28 32
28 36
28 39
28 42
28 45
28 58
28 60
28 65
28 74
28 81
29 44
29 50
29 51
29 52
29 58
29 63
29 72
29 74
29 77
29 78
29 80
29 84
29 86
29 89
29 90
30 31
30 44
30 56
30 57
30 63
30 67
30 75
30 87
31 34
31 38
31 39
31 40
31 45
31 51
31 59
31 64
31 66
31 68
31 71
31 72
31 74
31 77
31 89
31 93
32 40
32 41
32 45
32 53
32 55
32 64
32 66
32 67
32 71
32 72
32 75
32 76
32 82
32 86
33 34
33 36
33 41
33 46
33 48
33 51
33 67
33 69
33 74
33 76
33 88
34 38
34 41
34 48
34 50
34 52
34 67
34 68
34 69
34 93
35 37
35 38
35 48
35 55
35 56
35 58
35 60
35 71
35 76
35 77
35 78
35 85
36 43
36 44
36 57
36 59
36 63
36 68
36 72
36 76
36 80
36 86
37 39
37 40
37 49
37 51
37 53
37 64
37 68
37 70
37 72
37 77
37 85
37 88
37 90
38 40
38 45
38 49
38 51
38 52
38 59
38 60
38 62
38 67
38 69
38 74
38 78
38 80
38 84
38 87
38 90
39 45
39 47
39 56
39 59
39 60
39 61
39 63
39 69
39 71
39 76
39 91
39 92
40 41
40 50
40 54
40 62
40 63
40 65
40 71
40 72
40 76
40 77
40 81
40 82
40 87
40 93
41 49
41 57
41 70
41 71
41 75
41 79
41 88
42 43
42 53
42 57
42 73
42 76
42 84
42 92
43 45
43 46
43 58
43 65
43 82
43 86
43 90
43 93
44 51
44 63
44 77
44 78
44 82
44 86
44 91
45 46
45 47
45 55
45 60
45 72
45 78
45 81
45 90
46 47
46 49
46 68
46 70
46 71
46 73
46 77
46 79
46 81
46 84
46 89
46 91
46 93
47 50
47 57
47 62
47 68
47 70
47 82
47 93
48 50
48 52
48 60
48 67
48 77
48 82
48 86
48 88
49 54
49 70
49 74
49 76
49 79
49 80
49 87
49 90
49 92
50 52
50 57
50 62
50 67
50 69
50 74
50 80
50 81
50 82
50 86
51 60
51 62
51 65
51 72
51 73
51 75
51 92
52 56
52 61
52 63
52 64
52 65
52 75
52 81
52 85
53 55
53 56
53 60
53 66
53 68
53 69
53 71
53 83
53 91
53 93
54 55
54 58
54 62
54 63
54 71
54 82
54 84
54 89
55 56
55 57
55 62
55 66
55 72
55 73
55 83
55 91
56 62
56 65
56 74
56 86
56 92
56 93
57 67
58 60
58 65
58 66
58 68
58 72
58 80
58 81
58 82
58 84
58 88
59 65
59 69
59 70
59 71
59 74
59 78
59 83
59 88
59 89
59 90
60 67
60 68
60 70
60 75
60 77
60 82
60 83
60 90
60 93
61 68
61 77
61 82
61 85
61 87
61 90
62 88
63 72
63 77
63 81
63 84
63 89
63 90
64 69
64 70
64 79
64 81
64 82
64 88
64 92
65 67
65 73
65 75
65 80
65 83
65 85
65 92
66 73
66 77
66 79
66 81
66 84
66 93
67 76
67 77
67 80
67 86
67 90
68 69
68 70
68 71
68 72
68 76
68 77
69 74
69 84
69 85
69 88
69 91
69 93
70 71
70 78
70 81
70 93
71 72
71 79
71 80
71 92
72 77
72 85
73 87
74 81
74 83
74 84
74 87
74 92
75 77
75 79
75 81
75 93
76 83
76 87
76 89
76 91
76 93
77 80
77 81
77 86
77 87
77 91
78 80
78 81
78 87
78 89
79 80
79 86
79 89
80 85
80 87
80 88
80 91
80 92
80 93
81 83
81 84
81 86
81 87
81 89
81 91
81 92
82 83
82 88
82 92
83 91
84 85
84 89
84 90
84 93
85 87
86 89
86 91
86 93
