94 396
0 7
0 11
0 34
0 48
0 68
0 71
0 80
0 93
1 29
1 57
1 70
1 71
1 72
1 73
1 79
2 12
2 13
2 18
2 24
2 25
2 35
2 44
2 47
2 59
2 71
2 90
3 6
3 15
3 25
3 26
3 43
3 77
3 88
4 18
4 35
4 39
4 46
4 51
4 69
4 78
5 17
5 20
5 22
5 35
5 70
5 87
5 93
6 33
6 42
6 43
6 47
6 53
6 59
6 85
7 24
7 30
7 38
7 46
7 54
7 66
7 90
7 93
8 10
8 11
8 55
8 69
8 71
8 84
8 92
9 14
9 23
9 30
9 41
9 65
9 75
9 76
10 19
10 28
10 33
10 37
10 51
10 61
10 84
11 43
11 48
11 55
11 59
11 71
11 90
12 25
12 30
12 65
12 79
13 20
13 29
13 32
13 36
13 43
13 53
13 68
13 83
13 84
13 92
14 15
14 35
14 39
14 52
14 66
14 68
14 71
14 85
14 86
14 88
15 16
15 26
15 34
15 46
15 49
15 61
15 64
15 67
15 73
16 17
16 35
16 38
16 43
16 44
16 48
16 51
16 57
16 60
16 75
16 92
17 21
17 23
17 25
17 42
17 45
17 57
17 65
17 70
17 79
17 86
18 21
18 28
18 57
18 62
18 64
18 65
18 70
18 82
19 25
19 40
19 42
19 52
19 65
19 89
19 91
20 28
20 35
20 51
20 55
20 58
20 66
20 74
20 79
21 37
21 44
21 49
21 61
21 82
22 49
22 56
22 77
22 78
23 25
23 28
23 29
23 68
23 86
23 91
24 58
24 64
24 75
24 83
25 27
25 33
25 36
25 42
25 49
25 50
25 66
25 68
26 45
26 48
26 57
26 58
26 82
27 35
27 50
27 53
27 68
28 41
28 44
28 48
28 64
28 74
28 90
28 91
29 33
29 34
29 48
29 50
29 52
29 67
29 74
29 86
30 32
30 37
30 62
30 77
30 78
30 83
30 92
31 34
31 44
31 62
31 77
31 80
32 40
32 46
32 59
32 61
33 49
33 64
34 56
34 59
34 69
34 70
34 80
34 87
34 89
35 55
35 60
35 66
35 92
36 43
36 51
36 60
36 78
36 80
37 38
37 56
37 69
38 50
38 51
38 58
38 59
38 71
38 73
38 74
38 82
38 93
39 42
39 46
39 50
39 57
39 84
39 85
39 90
40 43
40 72
40 80
40 83
40 88
40 92
41 51
41 62
41 63
41 80
41 87
42 49
42 59
42 62
42 76
42 92
43 55
43 87
43 88
44 46
44 55
44 58
44 75
44 83
44 87
45 51
45 69
45 90
45 93
46 67
46 68
46 70
46 71
46 82
46 87
46 88
47 54
47 89
47 91
48 49
48 69
48 72
48 85
48 87
49 73
49 81
50 55
50 66
50 69
50 91
50 92
51 64
51 84
51 86
51 92
52 61
52 87
52 89
53 56
53 58
53 61
53 79
53 87
53 88
53 90
53 92
54 57
54 75
54 88
54 90
55 64
55 70
55 76
56 60
56 69
57 58
57 67
57 78
57 81
57 85
59 69
60 69
60 70
60 84
61 63
61 74
61 90
62 71
62 82
62 83
63 87
64 66
64 71
64 76
65 70
65 75
66 76
68 69
68 76
68 81
68 92
69 70
69 79
69 89
70 71
70 76
70 79
71 76
72 87
72 92
75 87
77 87
77 88
77 91
78 91
79 80
79 91
80 82
80 83
80 87
80 90
81 91
82 88
84 89
87 88
92 93
