100 1477
0 1
0 4
0 15
0 17
0 19
0 20
0 21
0 22
0 25
0 27
0 28
0 30
0 34
0 35
0 36
0 38
0 39
0 47
0 55
0 66
0 67
0 70
0 72
0 75
0 83
0 84
0 90
0 91
0 92
1 7
1 14
1 16
1 20
1 24
1 27
1 28
1 29
1 30
1 33
1 37
1 40
1 41
1 43
1 45
1 47
1 49
1 50
1 52
1 54
1 55
1 58
1 60
1 66
1 69
1 73
1 74
1 82
1 85
1 98
2 3
2 11
2 13
2 14
2 17
2 18
2 21
2 23
2 24
2 26
2 28
2 29
2 31
2 37
2 42
2 43
2 46
2 51
2 56
2 58
2 59
2 60
2 61
2 70
2 71
2 75
2 76
2 79
2 80
2 91
2 92
2 93
3 4
3 5
3 11
3 15
3 19
3 21
3 22
3 24
3 25
3 29
3 30
3 31
3 36
3 38
3 40
3 48
3 50
3 52
3 53
3 55
3 68
3 70
3 73
3 76
3 83
3 86
3 90
3 98
4 10
4 11
4 15
4 19
4 24
4 27
4 28
4 32
4 33
4 38
4 39
4 43
4 44
4 48
4 51
4 53
4 56
4 57
4 59
4 70
4 73
4 74
4 79
4 88
4 95
5 7
5 12
5 16
5 17
5 21
5 24
5 28
5 29
5 32
5 35
5 41
5 42
5 53
5 56
5 60
5 64
5 71
5 75
5 79
5 83
5 84
5 86
5 91
5 93
6 13
6 17
6 18
6 23
6 24
6 28
6 38
6 40
6 41
6 46
6 47
6 50
6 52
6 54
6 57
6 59
6 60
6 61
6 62
6 63
6 65
6 69
6 71
6 72
6 78
6 81
6 84
6 85
6 86
6 89
6 96
6 97
7 8
7 12
7 24
7 27
7 36
7 40
7 51
7 54
7 57
7 60
7 64
7 68
7 72
7 75
7 77
7 79
7 82
7 85
7 94
8 16
8 21
8 22
8 30
8 31
8 32
8 33
8 34
8 41
8 49
8 50
8 51
8 52
8 60
8 61
8 62
8 65
8 66
8 67
8 71
8 76
8 84
8 87
8 90
8 92
8 95
8 97
9 13
9 16
9 20
9 21
9 25
9 34
9 38
9 42
9 43
9 48
9 50
9 53
9 60
9 64
9 65
9 66
9 67
9 69
9 73
9 80
9 94
9 95
9 96
10 12
10 17
10 19
10 21
10 27
10 29
10 30
10 31
10 35
10 39
10 43
10 44
10 47
10 48
10 49
10 50
10 52
10 56
10 57
10 58
10 61
10 64
10 66
10 69
10 72
10 75
10 79
10 81
10 82
10 86
10 92
10 96
10 97
10 98
11 12
11 18
11 24
11 25
11 26
11 28
11 36
11 49
11 55
11 60
11 62
11 66
11 70
11 73
11 79
11 81
11 82
11 87
11 89
11 95
11 98
12 25
12 30
12 39
12 43
12 45
12 54
12 70
12 73
12 75
12 77
12 86
12 87
12 89
12 94
12 95
12 96
13 15
13 19
13 21
13 22
13 23
13 25
13 26
13 31
13 34
13 36
13 37
13 40
13 41
13 42
13 43
13 45
13 46
13 48
13 50
13 51
13 57
13 62
13 64
13 70
13 71
13 72
13 75
13 83
13 84
13 89
13 91
13 97
14 15
14 16
14 18
14 23
14 27
14 28
14 30
14 37
14 38
14 39
14 41
14 46
14 50
14 60
14 65
14 75
14 78
14 82
14 90
14 94
14 97
14 99
15 25
15 26
15 28
15 29
15 31
15 34
15 36
15 39
15 46
15 51
15 53
15 57
15 58
15 69
15 70
15 78
15 80
15 81
15 82
15 85
15 86
15 89
15 90
15 91
15 92
15 96
15 99
16 28
16 36
16 38
16 44
16 45
16 49
16 50
16 54
16 55
16 56
16 62
16 63
16 71
16 72
16 74
16 75
16 76
16 77
16 78
16 80
16 82
16 84
16 87
16 94
16 95
16 96
16 97
16 98
17 19
17 22
17 30
17 33
17 36
17 39
17 49
17 50
17 53
17 54
17 62
17 68
17 77
17 78
17 82
17 83
17 85
17 90
17 98
17 99
18 20
18 23
18 25
18 27
18 30
18 32
18 34
18 35
18 36
18 37
18 39
18 41
18 46
18 48
18 52
18 53
18 69
18 70
18 72
18 74
18 83
18 88
18 91
18 92
18 97
19 20
19 21
19 29
19 31
19 34
19 37
19 38
19 41
19 59
19 60
19 62
19 67
19 68
19 69
19 73
19 76
19 88
19 89
19 90
19 96
19 99
20 24
20 26
20 27
20 28
20 31
20 33
20 35
20 38
20 48
20 52
20 57
20 59
20 61
20 62
20 63
20 70
20 73
20 79
20 81
20 84
20 85
20 91
20 92
20 94
21 23
21 24
21 27
21 29
21 33
21 38
21 40
21 43
21 51
21 54
21 55
21 56
21 62
21 63
21 66
21 68
21 70
21 77
21 78
21 83
21 84
21 86
21 89
21 92
21 94
21 95
21 96
21 97
22 25
22 28
22 31
22 33
22 34
22 36
22 38
22 45
22 49
22 54
22 56
22 58
22 59
22 64
22 67
22 68
22 70
22 77
22 83
22 87
22 88
22 89
22 94
22 98
23 30
23 33
23 35
23 36
23 37
23 40
23 42
23 56
23 57
23 64
23 70
23 74
23 79
23 81
23 82
23 83
23 93
23 94
23 96
23 98
23 99
24 26
24 33
24 34
24 36
24 46
24 47
24 48
24 56
24 57
24 60
24 64
24 65
24 73
24 75
24 89
24 92
24 93
24 94
24 96
25 26
25 28
25 32
25 35
25 40
25 41
25 42
25 44
25 46
25 51
25 52
25 53
25 54
25 63
25 66
25 67
25 68
25 70
25 71
25 87
25 95
25 96
25 97
26 29
26 33
26 37
26 46
26 49
26 54
26 55
26 64
26 65
26 67
26 74
26 76
26 83
26 91
26 96
26 98
27 29
27 31
27 32
27 35
27 41
27 43
27 46
27 47
27 52
27 55
27 57
27 58
27 60
27 62
27 65
27 66
27 67
27 68
27 71
27 78
27 80
27 81
27 82
27 84
27 86
27 87
27 91
27 97
28 33
28 35
28 37
28 39
28 40
28 50
28 51
28 53
28 60
28 61
28 70
28 75
28 78
28 79
28 84
28 86
28 88
28 94
28 95
29 31
29 32
29 34
29 35
29 37
29 38
29 40
29 42
29 47
29 52
29 53
29 54
29 56
29 58
29 60
29 66
29 71
29 72
29 76
29 78
29 80
29 82
29 83
29 88
29 92
29 93
29 97
30 40
30 45
30 46
30 51
30 52
30 53
30 54
30 55
30 56
30 59
30 61
30 62
30 63
30 64
30 70
30 74
30 77
30 78
30 83
30 85
30 86
30 91
30 94
31 33
31 37
31 41
31 42
31 43
31 44
31 46
31 47
31 53
31 54
31 58
31 62
31 66
31 70
31 73
31 77
31 78
31 81
31 82
31 91
31 95
31 96
31 98
31 99
32 39
32 45
32 46
32 49
32 54
32 58
32 59
32 62
32 67
32 68
32 72
32 77
32 78
32 80
32 83
32 90
32 95
33 34
33 36
33 38
33 40
33 43
33 44
33 51
33 53
33 54
33 55
33 56
33 58
33 64
33 66
33 67
33 72
33 74
33 76
33 83
33 95
33 96
34 35
34 41
34 44
34 47
34 48
34 50
34 51
34 55
34 57
34 62
34 63
34 65
34 67
34 68
34 69
34 82
34 83
34 85
34 86
34 88
34 89
34 90
34 92
34 93
34 94
34 96
34 97
34 98
34 99
35 36
35 40
35 42
35 45
35 55
35 57
35 59
35 61
35 63
35 66
35 68
35 70
35 74
35 75
35 77
35 78
35 82
35 86
35 92
35 93
35 97
35 99
36 39
36 40
36 44
36 47
36 50
36 54
36 56
36 57
36 62
36 65
36 67
36 68
36 71
36 72
36 77
36 79
36 80
36 89
36 92
36 95
36 99
37 40
37 42
37 43
37 44
37 48
37 49
37 60
37 66
37 68
37 72
37 83
37 90
37 92
37 95
37 96
37 99
38 44
38 49
38 52
38 54
38 59
38 61
38 64
38 65
38 69
38 71
38 75
38 80
38 95
38 96
38 99
39 54
39 60
39 66
39 68
39 73
39 74
39 78
39 79
39 83
39 84
39 88
39 89
39 92
39 95
40 41
40 42
40 43
40 44
40 46
40 53
40 60
40 62
40 64
40 67
40 70
40 73
40 82
40 96
40 97
40 99
41 44
41 48
41 52
41 55
41 58
41 60
41 62
41 67
41 75
41 85
41 86
41 87
41 88
42 53
42 58
42 63
42 66
42 74
42 75
42 76
42 80
42 81
42 83
42 85
42 86
42 87
42 95
42 98
43 46
43 47
43 51
43 54
43 60
43 62
43 73
43 74
43 86
43 87
43 90
43 95
43 96
43 97
43 99
44 45
44 48
44 51
44 55
44 56
44 58
44 60
44 66
44 67
44 68
44 75
44 78
44 86
44 87
44 88
44 90
44 91
44 92
44 95
44 96
44 98
45 46
45 48
45 68
45 69
45 70
45 79
45 80
45 81
45 83
45 88
45 90
45 92
45 94
45 96
46 49
46 53
46 54
46 64
46 67
46 68
46 69
46 80
46 86
46 89
46 92
46 94
46 95
46 98
47 65
47 66
47 67
47 69
47 70
47 71
47 77
47 79
47 82
47 86
47 87
47 92
47 93
47 94
47 96
47 97
47 98
48 54
48 55
48 56
48 59
48 61
48 64
48 73
48 74
48 76
48 82
48 84
48 91
48 93
48 94
48 95
48 97
48 99
49 53
49 54
49 61
49 62
49 81
49 84
49 90
49 92
49 94
49 98
50 52
50 53
50 58
50 62
50 64
50 70
50 71
50 74
50 78
50 83
50 90
50 95
50 99
51 52
51 54
51 67
51 72
51 73
51 74
51 78
51 82
51 86
51 88
51 91
51 92
52 54
52 56
52 59
52 66
52 72
52 78
52 82
52 84
52 86
52 91
52 93
52 99
53 56
53 57
53 67
53 69
53 73
53 78
53 82
53 87
53 88
53 90
53 91
53 93
54 56
54 58
54 63
54 64
54 71
54 72
54 73
54 81
54 83
54 92
55 60
55 62
55 71
55 85
55 90
55 93
55 96
56 58
56 60
56 69
56 70
56 72
56 79
56 80
56 82
56 85
56 87
56 89
56 90
56 92
56 93
56 98
56 99
57 59
57 60
57 63
57 65
57 68
57 74
57 75
57 80
57 85
57 91
57 93
57 94
57 97
58 59
58 60
58 61
58 67
58 69
58 70
58 73
58 75
58 79
58 80
58 82
58 91
58 93
58 96
58 99
59 60
59 62
59 63
59 65
59 69
59 70
59 71
59 72
59 82
59 83
59 84
59 90
59 92
59 95
59 96
59 97
59 99
60 62
60 63
60 64
60 66
60 67
60 69
60 70
60 72
60 78
60 80
60 81
60 83
60 84
60 89
60 91
60 92
60 98
61 64
61 66
61 68
61 69
61 72
61 73
61 77
61 87
61 96
62 63
62 67
62 73
62 74
62 80
62 81
62 84
62 85
62 90
62 91
62 96
63 68
63 70
63 72
63 73
63 75
63 77
63 78
63 80
63 83
63 90
63 93
63 98
64 65
64 73
64 74
64 80
64 87
64 96
65 68
65 69
65 71
65 79
65 80
65 85
65 86
65 87
65 91
65 92
65 98
66 67
66 74
66 83
66 85
66 87
66 88
66 90
66 91
66 93
66 95
66 96
66 99
67 71
67 72
67 78
67 80
67 86
67 88
67 93
67 94
67 95
67 98
68 70
68 71
68 72
68 82
68 83
68 94
69 73
69 77
69 78
69 84
69 86
69 87
69 88
69 89
69 90
69 94
69 95
70 71
70 73
70 76
70 77
70 78
70 81
70 84
70 85
70 88
70 91
70 93
70 94
70 97
70 98
70 99
71 73
71 76
71 79
71 82
71 83
71 84
71 90
71 94
71 96
72 73
72 76
72 79
72 80
72 83
72 84
72 87
72 88
72 90
72 94
72 99
73 75
73 81
73 86
73 89
73 92
73 93
73 94
73 96
74 82
74 83
74 87
74 88
74 89
74 91
74 92
74 96
74 98
75 79
75 81
75 82
75 83
75 85
75 95
75 98
76 80
76 82
76 83
76 84
76 88
76 90
76 91
76 93
76 94
76 96
76 99
77 79
77 81
77 85
77 89
77 92
77 96
77 99
78 79
78 81
78 84
78 87
78 91
78 92
78 93
78 94
78 95
79 86
79 93
79 96
80 81
80 86
80 89
80 90
80 92
80 94
80 99
81 82
81 85
81 86
81 92
81 97
81 98
82 89
82 90
82 94
83 85
83 89
83 91
83 92
83 94
83 95
83 97
83 98
84 88
84 91
84 92
84 95
85 90
85 95
85 97
86 88
86 96
86 97
86 98
86 99
87 89
87 95
87 97
87 98
87 99
88 90
88 91
88 95
89 91
89 96
90 97
90 98
90 99
91 95
91 96
91 99
92 93
92 94
93 95
94 96
96 98
97 98
